#
# JB travel-time table for PKPdf
#
# number of distance and depth samples
71 36
# delta samples
109.000 110.000 111.000 112.000 113.000 114.000 115.000 116.000 117.000 118.000 119.000 120.000 121.000 122.000 123.000 124.000 125.000 126.000 127.000 128.000 129.000 130.000 131.000 132.000 133.000 
134.000 135.000 136.000 137.000 138.000 139.000 140.000 141.000 142.000 143.000 144.000 145.000 146.000 147.000 148.000 149.000 150.000 151.000 152.000 153.000 154.000 155.000 156.000 157.000 158.000 
159.000 160.000 161.000 162.000 163.000 164.000 165.000 166.000 167.000 168.000 169.000 170.000 171.000 172.000 173.000 174.000 175.000 176.000 177.000 178.000 179.000 
# depth samples
    0.000000    1.000000    2.500000    5.000000    7.500000   10.000000   12.500000   15.000000   17.500000   19.900000   20.000000   22.500000   25.000000   27.500000   30.000000   32.500000   34.900000   35.000000   40.000000   45.000000   50.000000   75.000000  100.000000  150.000000  200.000000  250.000000  300.000000  350.000000  400.000000  450.000000  500.000000  550.000000  600.000000  650.000000  700.000000  750.000000
#
# travel times (rows - delta, columns - depth)
#
 -999.000000 -999.000000 -999.000000 -999.000000 -999.000000 -999.000000 -999.000000 -999.000000 -999.000000 -999.000000 -999.000000 -999.000000 -999.000000 -999.000000 -999.000000 -999.000000 -999.000000 -999.000000 -999.000000 -999.000000 -999.000000 -999.000000 -999.000000 -999.000000 -999.000000 -999.000000 -999.000000 -999.000000 -999.000000 1056.811594 1051.619904 1046.605819 1041.726896 1037.054160 1032.461818 1027.886242
 1114.982318 1114.938664 1114.871970 1114.757577 1114.639138 1114.516655 1114.390126 1114.259551 1114.124932 1113.991891 1113.986267 1113.843557 1113.696802 1113.546001 1113.391155 1113.232264 1107.557269 1107.544498 1106.906616 1106.269978 1105.634585 1102.476289 1099.349111 1093.188108 1087.151575 1081.239513 1075.460293 1069.788561 1064.162818 1058.711594 1053.508272 1048.528156 1043.724053 1039.063900 1034.396964 1029.786242
 1116.982318 1116.938664 1116.871970 1116.757577 1116.639138 1116.516655 1116.390126 1116.259551 1116.124932 1115.991891 1115.986267 1115.843557 1115.696802 1115.546001 1115.391155 1115.232264 1109.557269 1109.544498 1108.906616 1108.269978 1107.634585 1104.476289 1101.349111 1095.188108 1089.151575 1083.251722 1077.422279 1071.688798 1066.150146 1060.711594 1055.519904 1050.499196 1045.624344 1041.047134 1036.396964 1031.786242
 1118.751074 1118.712194 1118.652567 1118.549704 1118.442484 1118.330908 1118.214975 1118.094686 1117.970040 1117.846281 1117.841038 1117.707679 1117.569964 1117.427892 1117.281464 1117.130680 1111.552817 1111.539815 1110.890659 1110.243370 1109.597948 1106.398845 1103.249111 1097.088108 1091.051575 1085.139513 1079.360293 1073.688483 1068.054536 1062.693901 1057.459814 1052.428156 1047.624053 1042.954160 1038.361818 1033.786242
 1120.882318 1120.838664 1120.771970 1120.657577 1120.539138 1120.416655 1120.290126 1120.159551 1120.024932 1119.891891 1119.886267 1119.743557 1119.596802 1119.446001 1119.291155 1119.132264 1113.457269 1113.444498 1112.806616 1112.169978 1111.534585 1108.376289 1105.249111 1099.088108 1093.051575 1087.139513 1081.360293 1075.688561 1070.062818 1064.611594 1059.408272 1054.428156 1049.624053 1044.963900 1040.296964 1035.686242
 1122.882318 1122.838664 1122.771970 1122.657577 1122.539138 1122.416655 1122.290126 1122.159551 1122.024932 1121.891891 1121.886267 1121.743557 1121.596802 1121.446001 1121.291155 1121.132264 1115.457269 1115.444498 1114.806616 1114.169978 1113.534585 1110.376289 1107.249111 1101.088108 1095.051575 1089.139513 1083.360293 1077.688561 1072.062818 1066.611594 1061.419904 1056.399196 1051.524344 1046.947134 1042.296964 1037.686242
 1124.690663 1124.650185 1124.588207 1124.481551 1124.370694 1124.255637 1124.136378 1124.012918 1123.885258 1123.758752 1123.753397 1123.617335 1123.477072 1123.332608 1123.183943 1123.031077 1117.457269 1117.444498 1116.806616 1116.169978 1115.534585 1112.376289 1109.251804 1103.094622 1096.976495 1091.039513 1085.260293 1079.588483 1073.954536 1068.593901 1063.359814 1058.328156 1053.524053 1048.863900 1044.196964 1039.586242
 1126.782318 1126.738664 1126.671970 1126.557577 1126.439138 1126.316655 1126.190126 1126.059551 1125.924932 1125.791891 1125.786267 1125.643557 1125.496802 1125.346001 1125.191155 1125.032264 1119.357269 1119.344498 1118.706616 1118.069978 1117.434585 1114.276289 1111.149111 1104.988108 1098.951575 1093.051722 1087.222279 1081.488798 1075.950146 1070.523779 1065.259814 1060.228156 1055.424053 1050.754160 1046.174289 1041.554970
 1128.682318 1128.638664 1128.571970 1128.457577 1128.339138 1128.216655 1128.090126 1127.959551 1127.824932 1127.691891 1127.686267 1127.543557 1127.396802 1127.246001 1127.091155 1126.932264 1121.257269 1121.244498 1120.606616 1119.969978 1119.334585 1116.176289 1113.049111 1106.888108 1100.851575 1094.939513 1089.160293 1083.488561 1077.862818 1072.411594 1067.219904 1062.199196 1057.324344 1052.747134 1048.096964 1043.486242
 1130.582318 1130.538664 1130.471970 1130.357577 1130.239138 1130.116655 1129.990126 1129.859551 1129.724932 1129.591891 1129.586267 1129.443557 1129.296802 1129.146001 1128.991155 1128.832264 1123.157269 1123.144498 1122.506616 1121.869978 1121.234585 1118.076289 1114.949111 1108.788108 1102.751575 1096.839513 1091.060293 1085.388483 1079.754536 1074.393901 1069.159814 1064.128156 1059.324053 1054.663900 1049.996964 1045.386242
 1132.582318 1132.538664 1132.471970 1132.357577 1132.239138 1132.116655 1131.990126 1131.859551 1131.724932 1131.591891 1131.586267 1131.443557 1131.296802 1131.146001 1130.991155 1130.832264 1125.157269 1125.144498 1124.506616 1123.869978 1123.234585 1120.076289 1116.949111 1110.788108 1104.751575 1098.851722 1093.022279 1087.288798 1081.750146 1076.311594 1071.119904 1066.099196 1061.224344 1056.647134 1051.996964 1047.386242
 1134.351074 1134.312194 1134.252567 1134.149704 1134.042484 1133.930908 1133.814975 1133.694686 1133.570040 1133.446281 1133.441038 1133.307679 1133.169964 1133.027892 1132.881464 1132.730680 1127.152817 1127.139815 1126.490659 1125.843370 1125.197948 1121.998845 1118.849111 1112.688108 1106.651575 1100.739513 1094.960293 1089.288483 1083.654536 1078.293901 1073.059814 1068.028156 1063.224053 1058.563900 1053.896964 1049.286242
 1136.482318 1136.438664 1136.371970 1136.257577 1136.139138 1136.016655 1135.890126 1135.759551 1135.624932 1135.491891 1135.486267 1135.343557 1135.196802 1135.046001 1134.891155 1134.732264 1129.057269 1129.044498 1128.406616 1127.769978 1127.134585 1123.976289 1120.849111 1114.688108 1108.651575 1102.751722 1096.922279 1091.188798 1085.650146 1080.223779 1074.959814 1069.928156 1065.124053 1060.454160 1055.874289 1051.254970
 1138.382318 1138.338664 1138.271970 1138.157577 1138.039138 1137.916655 1137.790126 1137.659551 1137.524932 1137.391891 1137.386267 1137.243557 1137.096802 1136.946001 1136.791155 1136.632264 1130.957269 1130.944498 1130.306616 1129.669978 1129.034585 1125.876289 1122.749111 1116.588108 1110.551575 1104.639513 1098.860293 1093.188561 1087.562818 1082.111594 1076.919904 1071.899196 1067.024344 1062.447134 1057.796964 1053.186242
 1140.151074 1140.112194 1140.052567 1139.949704 1139.842484 1139.730908 1139.614975 1139.494686 1139.370040 1139.246281 1139.241038 1139.107679 1138.969964 1138.827892 1138.681464 1138.530680 1132.952817 1132.939815 1132.290659 1131.643370 1130.997948 1127.798845 1124.649111 1118.488108 1112.451575 1106.539513 1100.760293 1095.088483 1089.454536 1084.093901 1078.859814 1073.828156 1069.024053 1064.363900 1059.696964 1055.086242
 1142.282318 1142.238664 1142.171970 1142.057577 1141.939138 1141.816655 1141.690126 1141.559551 1141.424932 1141.291891 1141.286267 1141.143557 1140.996802 1140.846001 1140.691155 1140.532264 1134.857269 1134.844498 1134.206616 1133.569978 1132.934585 1129.776289 1126.649111 1120.488108 1114.451575 1108.551722 1102.722279 1096.988798 1091.450146 1086.023779 1080.759814 1075.728156 1070.924053 1066.263900 1061.596964 1056.986242
 1144.182318 1144.138664 1144.071970 1143.957577 1143.839138 1143.716655 1143.590126 1143.459551 1143.324932 1143.191891 1143.186267 1143.043557 1142.896802 1142.746001 1142.591155 1142.432264 1136.757269 1136.744498 1136.106616 1135.469978 1134.834585 1131.676289 1128.549111 1122.388108 1116.351575 1110.439513 1104.660293 1098.988561 1093.362818 1087.923779 1082.659814 1077.628156 1072.824053 1068.154160 1063.574289 1058.954970
 1146.082318 1146.038664 1145.971970 1145.857577 1145.739138 1145.616655 1145.490126 1145.359551 1145.224932 1145.091891 1145.086267 1144.943557 1144.796802 1144.646001 1144.491155 1144.332264 1138.657269 1138.644498 1138.006616 1137.369978 1136.734585 1133.576289 1130.449111 1124.288108 1118.251575 1112.339513 1106.560293 1100.888561 1095.262818 1089.811594 1084.619904 1079.605819 1074.726896 1070.054160 1065.461818 1060.886242
 1147.851074 1147.812194 1147.752567 1147.649704 1147.542484 1147.430908 1147.314975 1147.194686 1147.070040 1146.946281 1146.941038 1146.807679 1146.669964 1146.527892 1146.381464 1146.230680 1140.652817 1140.639815 1139.990659 1139.343370 1138.697948 1135.498845 1132.349111 1126.188108 1120.151575 1114.239513 1108.460293 1102.788561 1097.162818 1091.711594 1086.508272 1081.528156 1076.724053 1072.063900 1067.396964 1062.786242
 1149.982318 1149.938664 1149.871970 1149.757577 1149.639138 1149.516655 1149.390126 1149.259551 1149.124932 1148.991891 1148.986267 1148.843557 1148.696802 1148.546001 1148.391155 1148.232264 1142.557269 1142.544498 1141.906616 1141.269978 1140.634585 1137.476289 1134.349111 1128.188108 1122.151575 1116.251722 1110.422279 1104.688798 1099.150146 1093.723779 1088.459814 1083.428156 1078.624053 1073.963900 1069.296964 1064.686242
 1151.882318 1151.838664 1151.771970 1151.657577 1151.539138 1151.416655 1151.290126 1151.159551 1151.024932 1150.891891 1150.886267 1150.743557 1150.596802 1150.446001 1150.291155 1150.132264 1144.457269 1144.444498 1143.806616 1143.169978 1142.534585 1139.376289 1136.249111 1130.088108 1124.051575 1118.139513 1112.360293 1106.688561 1101.062818 1095.611594 1090.419904 1085.405819 1080.526896 1075.863900 1071.196964 1066.586242
 1153.782318 1153.738664 1153.671970 1153.557577 1153.439138 1153.316655 1153.190126 1153.059551 1152.924932 1152.791891 1152.786267 1152.643557 1152.496802 1152.346001 1152.191155 1152.032264 1146.357269 1146.344498 1145.706616 1145.069978 1144.434585 1141.276289 1138.149111 1131.988108 1125.951575 1120.039513 1114.260293 1108.588561 1102.962818 1097.511594 1092.319904 1087.305819 1082.426896 1077.763900 1073.096964 1068.486242
 1155.682318 1155.638664 1155.571970 1155.457577 1155.339138 1155.216655 1155.090126 1154.959551 1154.824932 1154.691891 1154.686267 1154.543557 1154.396802 1154.246001 1154.091155 1153.932264 1148.257269 1148.244498 1147.606616 1146.969978 1146.334585 1143.176289 1140.049111 1133.888108 1127.851575 1121.939513 1116.160293 1110.488561 1104.862818 1099.411594 1094.219904 1089.205819 1084.326896 1079.644420 1075.151615 1070.523698
 1157.582318 1157.538664 1157.471970 1157.357577 1157.239138 1157.116655 1156.990126 1156.859551 1156.724932 1156.591891 1156.586267 1156.443557 1156.296802 1156.146001 1155.991155 1155.832264 1150.157269 1150.144498 1149.506616 1148.869978 1148.234585 1145.076289 1141.949111 1135.788108 1129.751575 1123.851722 1118.022279 1112.288798 1106.750146 1101.323779 1096.059814 1091.028156 1086.224053 1081.563900 1076.896964 1072.286242
 1159.482318 1159.438664 1159.371970 1159.257577 1159.139138 1159.016655 1158.890126 1158.759551 1158.624932 1158.491891 1158.486267 1158.343557 1158.196802 1158.046001 1157.891155 1157.732264 1152.057269 1152.044498 1151.406616 1150.769978 1150.134585 1146.976289 1143.849111 1137.688108 1131.663165 1125.684924 1119.860293 1114.188561 1108.562818 1103.111594 1097.919904 1092.899196 1088.024344 1083.447134 1078.809435 1074.154970
 1161.151074 1161.112194 1161.052567 1160.949704 1160.842484 1160.730908 1160.614975 1160.494686 1160.370040 1160.246281 1160.241038 1160.107679 1159.969964 1159.827892 1159.681464 1159.530680 1153.952817 1153.939815 1153.290659 1152.643370 1151.997948 1148.798845 1145.649111 1139.488108 1133.451575 1127.539513 1121.760293 1116.088561 1110.462818 1105.023779 1099.759814 1094.728156 1089.924053 1085.263900 1080.596964 1075.986242
 1163.182318 1163.138664 1163.071970 1162.957577 1162.839138 1162.716655 1162.590126 1162.459551 1162.324932 1162.191891 1162.186267 1162.043557 1161.896802 1161.746001 1161.591155 1161.432264 1155.757269 1155.744498 1155.106616 1154.469978 1153.834585 1150.676289 1147.551804 1141.394622 1135.276495 1129.339513 1123.560293 1117.888561 1112.262818 1106.811594 1101.619904 1096.605819 1091.726896 1087.063900 1082.396964 1077.786242
 1164.982318 1164.938664 1164.871970 1164.757577 1164.639138 1164.516655 1164.390126 1164.259551 1164.124932 1163.991891 1163.986267 1163.843557 1163.696802 1163.546001 1163.391155 1163.232264 1157.557269 1157.544498 1156.906616 1156.269978 1155.634585 1152.476289 1149.349111 1143.188108 1137.163165 1131.184924 1125.360293 1119.688483 1114.054536 1108.693901 1103.471446 1098.405819 1093.526896 1088.854160 1084.274289 1079.654970
 1166.651074 1166.612194 1166.552567 1166.449704 1166.342484 1166.230908 1166.114975 1165.994686 1165.870040 1165.746281 1165.741038 1165.607679 1165.469964 1165.327892 1165.181464 1165.030680 1159.452817 1159.439815 1158.790659 1158.143370 1157.497948 1154.298845 1151.149111 1144.988108 1138.951575 1133.039513 1127.260293 1121.588561 1115.962818 1110.523779 1105.259814 1100.228156 1095.424053 1090.763900 1086.096964 1081.486242
 1168.682318 1168.638664 1168.571970 1168.457577 1168.339138 1168.216655 1168.090126 1167.959551 1167.824932 1167.691891 1167.686267 1167.543557 1167.396802 1167.246001 1167.091155 1166.932264 1161.257269 1161.244498 1160.606616 1159.969978 1159.334585 1156.176289 1153.051804 1146.894622 1140.776495 1134.839513 1129.060293 1123.388561 1117.762818 1112.311594 1107.119904 1102.105819 1097.226896 1092.563900 1087.896964 1083.286242
 1170.482318 1170.438664 1170.371970 1170.257577 1170.139138 1170.016655 1169.890126 1169.759551 1169.624932 1169.491891 1169.486267 1169.343557 1169.196802 1169.046001 1168.891155 1168.732264 1163.057269 1163.044498 1162.406616 1161.769978 1161.134585 1157.976289 1154.849111 1148.688108 1142.663165 1136.684924 1130.860293 1125.188561 1119.562818 1114.111594 1108.919904 1103.905819 1099.026896 1094.363900 1089.696964 1085.086242
 1172.282318 1172.238664 1172.171970 1172.057577 1171.939138 1171.816655 1171.690126 1171.559551 1171.424932 1171.291891 1171.286267 1171.143557 1170.996802 1170.846001 1170.691155 1170.532264 1164.857269 1164.844498 1164.206616 1163.569978 1162.934585 1159.776289 1156.649111 1150.488108 1144.463165 1138.484924 1132.660293 1126.988561 1121.362818 1115.911594 1110.719904 1105.705819 1100.826896 1096.163900 1091.496964 1086.886242
 1174.082318 1174.038664 1173.971970 1173.857577 1173.739138 1173.616655 1173.490126 1173.359551 1173.224932 1173.091891 1173.086267 1172.943557 1172.796802 1172.646001 1172.491155 1172.332264 1166.657269 1166.644498 1166.006616 1165.369978 1164.734585 1161.576289 1158.451804 1152.294622 1146.176495 1140.239513 1134.460293 1128.788561 1123.162818 1117.723779 1112.471446 1107.405819 1102.526896 1097.863900 1093.196964 1088.586242
 1175.782318 1175.738664 1175.671970 1175.557577 1175.439138 1175.316655 1175.190126 1175.059551 1174.924932 1174.791891 1174.786267 1174.643557 1174.496802 1174.346001 1174.191155 1174.032264 1168.357269 1168.344498 1167.706616 1167.069978 1166.434585 1163.276289 1160.151804 1153.994622 1147.876495 1141.939513 1136.160293 1130.488561 1124.862818 1119.423779 1114.171446 1109.105819 1104.226896 1099.563900 1094.896964 1090.286242
 1177.482318 1177.438664 1177.371970 1177.257577 1177.139138 1177.016655 1176.890126 1176.759551 1176.624932 1176.491891 1176.486267 1176.343557 1176.196802 1176.046001 1175.891155 1175.732264 1170.057269 1170.044498 1169.406616 1168.769978 1168.134585 1164.976289 1161.851804 1155.694622 1149.576495 1143.639513 1137.860293 1132.188561 1126.562818 1121.123779 1115.859814 1110.834778 1106.026605 1101.280667 1096.596964 1091.986242
 1179.182318 1179.138664 1179.071970 1178.957577 1178.839138 1178.716655 1178.590126 1178.459551 1178.324932 1178.191891 1178.186267 1178.043557 1177.896802 1177.746001 1177.591155 1177.432264 1171.757269 1171.744498 1171.106616 1170.469978 1169.834585 1166.676289 1163.549111 1157.388108 1151.363165 1145.384924 1139.560293 1133.888561 1128.262818 1122.823779 1117.559814 1112.528156 1107.724053 1103.063900 1098.396964 1093.786242
 1180.982318 1180.938664 1180.871970 1180.757577 1180.639138 1180.516655 1180.390126 1180.259551 1180.124932 1179.991891 1179.986267 1179.843557 1179.696802 1179.546001 1179.391155 1179.232264 1173.557269 1173.544498 1172.906616 1172.269978 1171.634585 1168.476289 1165.351804 1159.194622 1153.076495 1147.139513 1141.368665 1135.688246 1129.967208 1124.593901 1119.371446 1114.305819 1109.426896 1104.763900 1100.096964 1095.486242
 1182.682318 1182.638664 1182.571970 1182.457577 1182.339138 1182.216655 1182.090126 1181.959551 1181.824932 1181.691891 1181.686267 1181.543557 1181.396802 1181.246001 1181.091155 1180.932264 1175.257269 1175.244498 1174.606616 1173.969978 1173.334585 1170.176289 1167.051804 1160.894622 1154.776495 1148.839513 1143.068665 1137.388246 1131.667208 1126.293901 1121.071446 1116.005819 1111.126896 1106.463900 1101.809435 1097.154970
 1184.382318 1184.338664 1184.271970 1184.157577 1184.039138 1183.916655 1183.790126 1183.659551 1183.524932 1183.391891 1183.386267 1183.243557 1183.096802 1182.946001 1182.791155 1182.632264 1176.958723 1176.946026 1176.311528 1175.677652 1175.044399 1171.887466 1168.740707 1162.496993 1156.428395 1150.685319 1144.871370 1138.988561 1133.362818 1127.923779 1122.659814 1117.634778 1112.826605 1108.080667 1103.396964 1098.786242
 1185.982318 1185.938664 1185.871970 1185.757577 1185.639138 1185.516655 1185.390126 1185.259551 1185.124932 1184.991891 1184.986267 1184.843557 1184.696802 1184.546001 1184.391155 1184.232264 1178.557269 1178.544498 1177.906616 1177.269978 1176.634585 1173.476289 1170.351804 1164.194622 1158.076495 1152.151722 1146.330652 1140.588561 1134.962818 1129.523779 1124.259814 1119.234778 1114.426605 1109.680667 1104.996964 1100.386242
 1187.582318 1187.538664 1187.471970 1187.357577 1187.239138 1187.116655 1186.990126 1186.859551 1186.724932 1186.591891 1186.586267 1186.443557 1186.296802 1186.146001 1185.991155 1185.832264 1180.157269 1180.144498 1179.506616 1178.869978 1178.234585 1175.076289 1171.951804 1165.794622 1159.676495 1153.751722 1147.930652 1142.188561 1136.562818 1131.123779 1125.871446 1120.805819 1115.926896 1111.263900 1106.609435 1101.954970
 1189.182318 1189.138664 1189.071970 1188.957577 1188.839138 1188.716655 1188.590126 1188.459551 1188.324932 1188.191891 1188.186267 1188.043557 1187.896802 1187.746001 1187.591155 1187.432264 1181.758723 1181.746026 1181.111528 1180.477652 1179.844399 1176.687466 1173.540707 1167.296993 1161.263165 1155.284924 1149.460293 1143.788561 1138.162818 1132.723779 1127.471446 1122.412441 1117.529449 1112.780667 1108.109435 1103.454970
 1190.682318 1190.638664 1190.571970 1190.457577 1190.339138 1190.216655 1190.090126 1189.959551 1189.824932 1189.691891 1189.686267 1189.543557 1189.396802 1189.246001 1189.091155 1188.932264 1183.258723 1183.246026 1182.611528 1181.977652 1181.344399 1178.187466 1175.040707 1168.796993 1162.763165 1156.784924 1150.960293 1145.288561 1139.662818 1134.223779 1128.971446 1123.912441 1119.029449 1114.280667 1109.609435 1104.954970
 1192.182318 1192.138664 1192.071970 1191.957577 1191.839138 1191.716655 1191.590126 1191.459551 1191.324932 1191.191891 1191.186267 1191.043557 1190.896802 1190.746001 1190.591155 1190.432264 1184.758723 1184.746026 1184.111528 1183.477652 1182.844399 1179.687466 1176.540707 1170.296993 1164.263165 1158.284924 1152.468665 1146.788325 1141.075489 1135.623779 1130.371446 1125.312441 1120.429449 1115.680667 1111.009435 1106.354970
 1193.582318 1193.538664 1193.471970 1193.357577 1193.239138 1193.116655 1192.990126 1192.859551 1192.724932 1192.591891 1192.586267 1192.443557 1192.296802 1192.146001 1191.991155 1191.832264 1186.158723 1186.146026 1185.511528 1184.877652 1184.244399 1181.087466 1177.940707 1171.696993 1165.663165 1159.684924 1153.868665 1148.188325 1142.475489 1137.023779 1131.771446 1126.712441 1121.829449 1117.080667 1112.409435 1107.754970
 1194.942730 1194.900674 1194.836330 1194.725729 1194.610928 1194.491926 1194.368723 1194.241319 1194.109714 1193.979421 1193.973908 1193.833901 1193.689694 1193.541285 1193.388676 1193.231866 1187.552817 1187.539815 1186.890659 1186.243370 1185.597948 1182.398845 1179.251804 1173.094622 1166.976495 1161.051722 1155.230652 1149.488640 1143.871099 1138.353658 1133.071446 1128.005819 1123.126896 1118.473641 1113.744581 1109.054970
 1196.282318 1196.238664 1196.171970 1196.057577 1195.939138 1195.816655 1195.690126 1195.559551 1195.424932 1195.291891 1195.286267 1195.143557 1194.996802 1194.846001 1194.691155 1194.532264 1188.858723 1188.846026 1188.211528 1187.577652 1186.944399 1183.787466 1180.643400 1174.403507 1168.276495 1162.351722 1156.530652 1150.788561 1145.162818 1139.723779 1134.471446 1129.412441 1124.529449 1119.780667 1115.109435 1110.454970
 1197.582318 1197.538664 1197.471970 1197.357577 1197.239138 1197.116655 1196.990126 1196.859551 1196.724932 1196.591891 1196.586267 1196.443557 1196.296802 1196.146001 1195.991155 1195.832264 1190.158723 1190.146026 1189.511528 1188.877652 1188.244399 1185.087466 1181.940707 1175.696993 1169.663165 1163.684924 1157.868665 1152.188325 1146.475489 1141.023779 1135.771446 1130.712441 1125.829449 1121.080667 1116.409435 1111.754970
 1198.942730 1198.900674 1198.836330 1198.725729 1198.610928 1198.491926 1198.368723 1198.241319 1198.109714 1197.979421 1197.973908 1197.833901 1197.689694 1197.541285 1197.388676 1197.231866 1191.552817 1191.539815 1190.890659 1190.243370 1189.597948 1186.398845 1183.251804 1177.094622 1170.976495 1165.051722 1159.239024 1153.488325 1147.775489 1142.323779 1137.071446 1132.012441 1127.129449 1122.380667 1117.709435 1113.054970
 1200.242730 1200.200674 1200.136330 1200.025729 1199.910928 1199.791926 1199.668723 1199.541319 1199.409714 1199.279421 1199.273908 1199.133901 1198.989694 1198.841285 1198.688676 1198.531866 1192.852817 1192.839815 1192.190659 1191.543370 1190.897948 1187.698845 1184.551804 1178.394622 1172.276495 1166.351722 1160.539024 1154.788325 1149.075489 1143.623779 1138.371446 1133.312441 1128.429449 1123.690407 1118.944581 1114.254970
 1201.442730 1201.400674 1201.336330 1201.225729 1201.110928 1200.991926 1200.868723 1200.741319 1200.609714 1200.479421 1200.473908 1200.333901 1200.189694 1200.041285 1199.888676 1199.731866 1194.052817 1194.039815 1193.390659 1192.743370 1192.097948 1188.898845 1185.751804 1179.594622 1173.488085 1167.484924 1161.668665 1155.988325 1150.275489 1144.835964 1139.522989 1134.412441 1129.529449 1124.780667 1120.109435 1115.454970
 1202.542730 1202.500674 1202.436330 1202.325729 1202.210928 1202.091926 1201.968723 1201.841319 1201.709714 1201.579421 1201.573908 1201.433901 1201.289694 1201.141285 1200.988676 1200.831866 1195.152817 1195.139815 1194.490659 1193.843370 1193.197948 1189.998845 1186.851804 1180.694622 1174.588085 1168.597133 1162.730652 1156.988640 1151.371099 1145.841473 1140.631536 1135.590104 1130.632292 1125.890407 1121.144581 1116.454970
 1203.542730 1203.500674 1203.436330 1203.325729 1203.210928 1203.091926 1202.968723 1202.841319 1202.709714 1202.579421 1202.573908 1202.433901 1202.289694 1202.141285 1201.988676 1201.831866 1196.152817 1196.139815 1195.490659 1194.843370 1194.197948 1190.998845 1187.851804 1181.694622 1175.588085 1169.597133 1163.730652 1157.988640 1152.371099 1146.853658 1141.571446 1136.512441 1131.629449 1126.890407 1122.144581 1117.454970
 1204.542730 1204.500674 1204.436330 1204.325729 1204.210928 1204.091926 1203.968723 1203.841319 1203.709714 1203.579421 1203.573908 1203.433901 1203.289694 1203.141285 1202.988676 1202.831866 1197.152817 1197.139815 1196.490659 1195.843370 1195.197948 1191.998845 1188.851804 1182.694622 1176.588085 1170.597133 1164.730652 1158.988640 1153.371099 1147.853658 1142.571446 1137.512441 1132.629449 1127.890407 1123.144581 1118.454970
 1205.542730 1205.500674 1205.436330 1205.325729 1205.210928 1205.091926 1204.968723 1204.841319 1204.709714 1204.579421 1204.573908 1204.433901 1204.289694 1204.141285 1203.988676 1203.831866 1198.152817 1198.139815 1197.490659 1196.843370 1196.197948 1192.998845 1189.851804 1183.694622 1177.588085 1171.597133 1165.730652 1159.988640 1154.371099 1148.853658 1143.571446 1138.512441 1133.629449 1128.890407 1124.144581 1119.454970
 1206.542730 1206.500674 1206.436330 1206.325729 1206.210928 1206.091926 1205.968723 1205.841319 1205.709714 1205.579421 1205.573908 1205.433901 1205.289694 1205.141285 1204.988676 1204.831866 1199.152817 1199.139815 1198.490659 1197.843370 1197.197948 1193.998845 1190.851804 1184.694622 1178.588085 1172.597133 1166.730652 1160.988640 1155.371099 1149.853658 1144.571446 1139.512441 1134.629449 1129.890407 1125.144581 1120.454970
 1207.542730 1207.500674 1207.436330 1207.325729 1207.210928 1207.091926 1206.968723 1206.841319 1206.709714 1206.579421 1206.573908 1206.433901 1206.289694 1206.141285 1205.988676 1205.831866 1200.152817 1200.139815 1199.490659 1198.843370 1198.197948 1194.998845 1191.851804 1185.694622 1179.588085 1173.597133 1167.739024 1161.988325 1156.275489 1150.835964 1145.522989 1140.399196 1135.524344 1130.976355 1126.114873 1121.354970
 1208.442730 1208.400674 1208.336330 1208.225729 1208.110928 1207.991926 1207.868723 1207.741319 1207.609714 1207.479421 1207.473908 1207.333901 1207.189694 1207.041285 1206.888676 1206.731866 1201.054271 1201.041343 1200.395571 1199.751045 1199.107762 1195.910022 1192.743400 1186.503507 1180.388085 1174.384924 1168.568665 1162.888404 1157.183771 1151.653658 1146.383078 1141.290104 1136.332292 1131.590407 1126.844581 1122.154970
 1209.142730 1209.100674 1209.036330 1208.925729 1208.810928 1208.691926 1208.568723 1208.441319 1208.309714 1208.179421 1208.173908 1208.033901 1207.889694 1207.741285 1207.588676 1207.431866 1201.754271 1201.741343 1201.095571 1200.451045 1199.807762 1196.610022 1193.443400 1187.203507 1181.076495 1175.151722 1169.339024 1163.588404 1157.883771 1152.353658 1147.083078 1141.990104 1137.032292 1132.290407 1127.544581 1122.854970
 1209.742730 1209.700674 1209.636330 1209.525729 1209.410928 1209.291926 1209.168723 1209.041319 1208.909714 1208.779421 1208.773908 1208.633901 1208.489694 1208.341285 1208.188676 1208.031866 1202.352817 1202.339815 1201.690659 1201.043370 1200.397948 1197.198845 1194.054497 1187.901136 1181.701415 1175.751722 1169.939024 1164.188404 1158.483771 1152.953658 1147.683078 1142.590104 1137.632292 1132.890407 1128.144581 1123.454970
 1210.342730 1210.300674 1210.236330 1210.125729 1210.010928 1209.891926 1209.768723 1209.641319 1209.509714 1209.379421 1209.373908 1209.233901 1209.089694 1208.941285 1208.788676 1208.631866 1202.952817 1202.939815 1202.290659 1201.643370 1200.997948 1197.798845 1194.654497 1188.501136 1182.301415 1176.351722 1170.539024 1164.788404 1159.083771 1153.553658 1148.283078 1143.190104 1138.232292 1133.490407 1128.757053 1124.023698
 1210.942730 1210.900674 1210.836330 1210.725729 1210.610928 1210.491926 1210.368723 1210.241319 1210.109714 1209.979421 1209.973908 1209.833901 1209.689694 1209.541285 1209.388676 1209.231866 1203.552817 1203.539815 1202.890659 1202.243370 1201.597948 1198.398845 1195.254497 1189.101136 1182.901415 1176.951722 1171.139024 1165.388404 1159.683771 1154.153658 1148.883078 1143.790104 1138.832292 1134.090407 1129.357053 1124.623698
 1211.542730 1211.500674 1211.436330 1211.325729 1211.210928 1211.091926 1210.968723 1210.841319 1210.709714 1210.579421 1210.573908 1210.433901 1210.289694 1210.141285 1209.988676 1209.831866 1204.152817 1204.139815 1203.490659 1202.843370 1202.197948 1198.998845 1195.854497 1189.701136 1183.501415 1177.551722 1171.739024 1165.988404 1160.283771 1154.753658 1149.483078 1144.390104 1139.432292 1134.690407 1129.957053 1125.223698
 1212.142730 1212.100674 1212.036330 1211.925729 1211.810928 1211.691926 1211.568723 1211.441319 1211.309714 1211.179421 1211.173908 1211.033901 1210.889694 1210.741285 1210.588676 1210.431866 1204.754271 1204.741343 1204.095571 1203.451045 1202.807762 1199.610022 1196.443400 1190.203507 1184.088085 1178.097133 1172.239024 1166.488325 1160.775489 1155.335964 1150.022989 1144.912441 1140.029449 1135.290407 1130.557053 1125.823698
 1212.642730 1212.600674 1212.536330 1212.425729 1212.310928 1212.191926 1212.068723 1211.941319 1211.809714 1211.679421 1211.673908 1211.533901 1211.389694 1211.241285 1211.088676 1210.931866 1205.254271 1205.241343 1204.595571 1203.951045 1203.307762 1200.110022 1196.943400 1190.703507 1184.588085 1178.597133 1172.739024 1166.988404 1161.283771 1155.753658 1150.483078 1145.390104 1140.432292 1135.690407 1130.957053 1126.223698
 1212.942730 1212.900674 1212.836330 1212.725729 1212.610928 1212.491926 1212.368723 1212.241319 1212.109714 1211.979421 1211.973908 1211.833901 1211.689694 1211.541285 1211.388676 1211.231866 1205.554271 1205.541343 1204.895571 1204.251045 1203.607762 1200.410022 1197.243400 1191.003507 1184.888085 1178.897133 1173.030652 1167.288640 1161.671099 1156.165843 1150.822989 1145.719064 1140.832001 1136.007174 1131.244581 1126.554970
 1213.242730 1213.200674 1213.136330 1213.025729 1212.910928 1212.791926 1212.668723 1212.541319 1212.409714 1212.279421 1212.273908 1212.133901 1211.989694 1211.841285 1211.688676 1211.531866 1205.854271 1205.841343 1205.195571 1204.551045 1203.907762 1200.710022 1197.543400 1191.303507 1185.188085 1179.197133 1173.330652 1167.588640 1161.971099 1156.465843 1151.122989 1146.019064 1141.132001 1136.307174 1131.544581 1126.854970
 1213.542730 1213.500674 1213.436330 1213.325729 1213.210928 1213.091926 1212.968723 1212.841319 1212.709714 1212.579421 1212.573908 1212.433901 1212.289694 1212.141285 1211.988676 1211.831866 1206.154271 1206.141343 1205.495571 1204.851045 1204.207762 1201.010022 1197.843400 1191.603507 1185.488085 1179.497133 1173.639024 1167.888404 1162.183771 1156.653658 1151.383078 1146.290104 1141.332292 1136.590407 1131.857053 1127.123698
 1213.742730 1213.700674 1213.636330 1213.525729 1213.410928 1213.291926 1213.168723 1213.041319 1212.909714 1212.779421 1212.773908 1212.633901 1212.489694 1212.341285 1212.188676 1212.031866 1206.354271 1206.341343 1205.695571 1205.051045 1204.407762 1201.210022 1198.043400 1191.803507 1185.688085 1179.697133 1173.839024 1168.088404 1162.383771 1156.853658 1151.583078 1146.490104 1141.532292 1136.790407 1132.057053 1127.323698
 1213.842730 1213.800674 1213.736330 1213.625729 1213.510928 1213.391926 1213.268723 1213.141319 1213.009714 1212.879421 1212.873908 1212.733901 1212.589694 1212.441285 1212.288676 1212.131866 1206.454271 1206.441343 1205.795571 1205.151045 1204.507762 1201.310022 1198.143400 1191.903507 1185.788085 1179.797133 1173.939024 1168.188404 1162.483771 1156.953658 1151.683078 1146.590104 1141.632292 1136.890407 1132.157053 1127.423698
 1213.942730 1213.900674 1213.836330 1213.725729 1213.610928 1213.491926 1213.368723 1213.241319 1213.109714 1212.979421 1212.973908 1212.833901 1212.689694 1212.541285 1212.388676 1212.231866 1206.554271 1206.541343 1205.895571 1205.251045 1204.607762 1201.410022 1198.243400 1192.003507 1185.888085 1179.897133 1174.039024 1168.288404 1162.583771 1157.053658 1151.783078 1146.690104 1141.732292 1136.990407 1132.257053 1127.523698
#
# dtdd (rows - delta, columns - depth)
#
 -999.000000 -999.000000 -999.000000 -999.000000 -999.000000 -999.000000 -999.000000 -999.000000 -999.000000 -999.000000 -999.000000 -999.000000 -999.000000 -999.000000 -999.000000 -999.000000 -999.000000 -999.000000 -999.000000 -999.000000 -999.000000 -999.000000 -999.000000 -999.000000 -999.000000 -999.000000 -999.000000 -999.000000 -999.000000 -999.000000    1.850331    1.904769    2.029764    2.009280    1.916125    1.875598
    2.090176    2.088130    2.085101    2.080160    2.075352    2.070677    2.066136    2.061728    2.057454    2.053476    2.053312    2.049305    2.045431    2.041690    2.038082    2.034607    1.992979    1.993078    1.997910    2.002475    2.006773    2.024262    2.033929    2.033929    2.033929    2.053550    1.972835    1.873629    2.017112    1.952867    1.964441    1.957473    1.931943    2.010660    1.973187    1.948804
    1.819648    1.823740    1.829797    1.839680    1.849297    1.858645    1.867728    1.876544    1.885093    1.893049    1.893375    1.901390    1.909139    1.916621    1.923836    1.930785    2.014041    2.013843    2.004180    1.995050    1.986454    1.951477    1.932143    1.932143    1.932143    1.929527    1.940289    1.953454    1.927759    2.014964    1.991904    1.945471    1.934809    1.927002    1.996563    2.029187
    1.937500    1.937500    1.937500    1.937500    1.937500    1.937500    1.937500    1.937500    1.937500    1.937500    1.937500    1.937500    1.937500    1.937500    1.937500    1.937500    1.937500    1.937500    1.937500    1.937500    1.937500    1.937500    1.937500    1.937500    1.937500    1.928343    1.966011    2.012322    1.947004    1.934196    1.922567    1.960644    2.028821    1.952113    1.935122    1.934450
    2.146086    2.141854    2.135586    2.125356    2.115394    2.105703    2.096281    2.087128    2.078246    2.069972    2.069632    2.061288    2.053214    2.045409    2.037874    2.030608    1.939942    1.940128    1.949190    1.957752    1.965813    1.998615    2.016411    2.015936    2.026087    2.031640    2.021547    2.009211    2.034328    1.952787    1.992364    2.001751    1.934725    2.021132    1.977055    1.948804
    1.839663    1.842993    1.847933    1.856025    1.863939    1.871674    1.879230    1.886607    1.893806    1.900549    1.900826    1.907667    1.914330    1.920814    1.927119    1.933245    2.028292    2.028246    2.025980    2.023840    2.021824    2.013624    2.011101    2.013953    1.953050    1.932522    1.940452    1.950128    1.928604    2.010909    1.989085    1.947444    1.948798    1.946465    1.950303    1.958436
    1.951884    1.951770    1.951601    1.951326    1.951059    1.950800    1.950549    1.950307    1.950073    1.949856    1.949847    1.949629    1.949420    1.949218    1.949025    1.948840    1.947039    1.947047    1.947424    1.947781    1.948117    1.949484    1.950278    1.950333    1.949162    1.957917    1.920430    1.874341    1.939504    1.956324    1.900851    1.901044    1.966716    1.882782    1.929707    1.922113
    2.040660    2.038108    2.034317    2.028097    2.022003    2.016034    2.010190    2.004471    1.998877    1.993624    1.993407    1.988064    1.982845    1.977751    1.972783    1.967940    1.886603    1.886603    1.886603    1.886603    1.886603    1.886603    1.884438    1.881367    1.946954    1.967161    1.966440    1.965626    1.974491    1.890761    1.929467    1.938114    1.871089    1.949527    1.966660    1.966537
    1.852395    1.853033    1.853981    1.855535    1.857059    1.858551    1.860012    1.861442    1.862841    1.864154    1.864208    1.865544    1.866849    1.868122    1.869364    1.870575    1.890909    1.890909    1.890909    1.890909    1.890909    1.890909    1.891450    1.892218    1.875821    1.859481    1.906099    1.963342    1.874730    1.938994    1.956925    1.955353    1.965508    1.961432    1.889040    1.895951
    1.984947    1.984247    1.983210    1.981516    1.979867    1.978261    1.976699    1.975181    1.973708    1.972334    1.972278    1.970892    1.969550    1.968252    1.966997    1.965787    1.950315    1.950343    1.951746    1.953071    1.954318    1.959395    1.962111    1.961983    1.964716    1.977117    1.929537    1.871049    1.954734    1.956184    1.947746    1.947117    1.951179    1.944460    1.960994    1.959266
    1.853234    1.856798    1.862072    1.870679    1.879053    1.887194    1.895103    1.902780    1.910224    1.917152    1.917437    1.924416    1.931164    1.937679    1.943963    1.950014    2.022514    2.022342    2.013927    2.005977    1.998491    1.968032    1.951196    1.951196    1.951196    1.949444    1.956653    1.965521    1.953491    1.944546    1.958393    1.960750    1.945517    1.964914    1.954776    1.956134
    1.943571    1.943639    1.943741    1.943906    1.944067    1.944224    1.944376    1.944523    1.944667    1.944800    1.944805    1.944940    1.945069    1.945195    1.945315    1.945432    1.946826    1.946823    1.946661    1.946508    1.946364    1.945778    1.945455    1.945455    1.945455    1.944754    1.947637    1.951166    1.944399    1.972271    1.909196    1.898665    1.966706    1.879668    1.928530    1.922113
    2.088810    2.084379    2.077819    2.067117    2.056703    2.046579    2.036743    2.027195    2.017938    2.009322    2.008969    2.000289    1.991897    1.983795    1.975981    1.968456    1.878295    1.878510    1.888974    1.898861    1.908170    1.946048    1.966986    1.966986    1.966986    1.969614    1.958801    1.945581    1.972222    1.888004    1.927741    1.938114    1.871089    1.949527    1.966660    1.966537
    1.746477    1.751000    1.757695    1.768618    1.779246    1.789579    1.799618    1.809362    1.818810    1.827604    1.827965    1.836824    1.845388    1.853658    1.861632    1.869313    1.961333    1.961114    1.950433    1.940343    1.930842    1.892182    1.870813    1.870813    1.870813    1.859072    1.907372    1.966684    1.875154    1.937478    1.964400    1.964191    1.965545    1.971787    1.901480    1.908391
    1.968062    1.967971    1.967835    1.967615    1.967400    1.967191    1.966989    1.966792    1.966601    1.966423    1.966416    1.966237    1.966064    1.965897    1.965736    1.965581    1.963722    1.963726    1.963942    1.964146    1.964338    1.965119    1.965550    1.965550    1.965550    1.977117    1.929537    1.871039    1.953704    1.974003    1.915334    1.906532    1.963402    1.895985    1.889173    1.888515
    2.069134    2.065296    2.059616    2.050348    2.041330    2.032562    2.024045    2.015777    2.007760    2.000299    1.999993    1.992476    1.985209    1.978193    1.971426    1.964910    1.886832    1.887018    1.896080    1.904642    1.912703    1.945505    1.963636    1.963636    1.963636    1.963403    1.964364    1.965608    1.970536    1.906338    1.887854    1.887868    1.882958    1.894248    1.950408    1.939907
    1.873206    1.873572    1.874113    1.874995    1.875854    1.876689    1.877500    1.878288    1.879051    1.879762    1.879791    1.880507    1.881199    1.881867    1.882512    1.883132    1.890568    1.890551    1.889688    1.888872    1.888104    1.884980    1.883254    1.883254    1.883254    1.873440    1.913810    1.963430    1.891775    1.890174    1.940160    1.946498    1.893021    1.880711    1.937078    1.963187
    1.797343    1.800746    1.805784    1.814004    1.822003    1.829778    1.837333    1.844666    1.851776    1.858393    1.858664    1.865331    1.871776    1.877999    1.884000    1.889780    1.959027    1.958862    1.950825    1.943232    1.936082    1.906990    1.890909    1.890909    1.890909    1.891844    1.887999    1.883274    1.890216    1.879291    1.924592    1.963316    1.962242    1.969890    1.900976    1.908391
    1.960317    1.960386    1.960487    1.960653    1.960814    1.960970    1.961122    1.961270    1.961413    1.961546    1.961552    1.961686    1.961816    1.961941    1.962062    1.962178    1.963572    1.963569    1.963407    1.963254    1.963110    1.962525    1.962201    1.962201    1.962201    1.970905    1.935100    1.891078    1.953167    1.973337    1.907119    1.891547    1.960997    1.969508    1.927044    1.897065
    2.069134    2.065296    2.059616    2.050348    2.041330    2.032562    2.024045    2.015777    2.007760    2.000299    1.999993    1.992476    1.985209    1.978193    1.971426    1.964910    1.886832    1.887018    1.896080    1.904642    1.912703    1.945505    1.963636    1.963636    1.963636    1.963812    1.963091    1.962204    1.963454    1.963403    1.974137    1.947168    1.885593    1.881622    1.893697    1.901047
    1.856879    1.857839    1.859259    1.861576    1.863830    1.866022    1.868151    1.870219    1.872223    1.874088    1.874165    1.876044    1.877860    1.879614    1.881306    1.882935    1.902455    1.902408    1.900143    1.898002    1.895987    1.887786    1.883254    1.883254    1.883254    1.873440    1.913810    1.963446    1.893440    1.873459    1.929218    1.950170    1.905063    1.906099    1.881938    1.882900
    1.907745    1.907585    1.907348    1.906962    1.906586    1.906221    1.905866    1.905522    1.905188    1.904877    1.904864    1.904551    1.904248    1.903956    1.903674    1.903402    1.900149    1.900157    1.900534    1.900891    1.901227    1.902594    1.903349    1.903349    1.903349    1.904284    1.900439    1.895712    1.902379    1.904282    1.899139    1.896656    1.899878    1.885460    2.015433    2.002599
    1.900000    1.900000    1.900000    1.900000    1.900000    1.900000    1.900000    1.900000    1.900000    1.900000    1.900000    1.900000    1.900000    1.900000    1.900000    1.900000    1.900000    1.900000    1.900000    1.900000    1.900000    1.900000    1.900000    1.900000    1.898558    1.915495    1.885339    1.841317    1.903406    1.921127    1.869601    1.857897    1.910731    1.901806    1.900668    1.905863
    1.928767    1.928173    1.927294    1.925860    1.924464    1.923107    1.921789    1.920510    1.919269    1.918114    1.918067    1.916903    1.915779    1.914693    1.913646    1.912637    1.900554    1.900583    1.901985    1.903310    1.904558    1.909634    1.912440    1.912440    1.921091    1.871870    1.837253    1.836367    1.837617    1.836458    1.844412    1.841402    1.836207    1.915584    1.797436    1.778607
    1.739837    1.743400    1.748675    1.757281    1.765655    1.773796    1.781705    1.789383    1.796827    1.803755    1.804040    1.811019    1.817767    1.824282    1.830566    1.836617    1.909117    1.908945    1.900530    1.892580    1.885094    1.854635    1.837464    1.836989    1.847306    1.839642    1.879361    1.928996    1.858990    1.848104    1.852254    1.853168    1.848930    1.846084    1.881496    1.877413
    1.846920    1.846988    1.847090    1.847255    1.847416    1.847573    1.847725    1.847873    1.848016    1.848149    1.848155    1.848289    1.848419    1.848544    1.848665    1.848781    1.850175    1.850172    1.850010    1.849857    1.849713    1.849128    1.850814    1.853666    1.782005    1.827287    1.859346    1.846947    1.865469    1.859370    1.847636    1.855588    1.868425    1.801944    1.761779    1.798586
    1.988810    1.984379    1.977819    1.967117    1.956703    1.946579    1.936743    1.927195    1.917938    1.909322    1.908969    1.900289    1.891897    1.883795    1.875981    1.868456    1.778295    1.778510    1.788974    1.798861    1.808170    1.846048    1.867024    1.867079    1.876888    1.813425    1.772087    1.774097    1.765056    1.820530    1.867075    1.844173    1.773035    1.780270    1.851131    1.835924
    1.646477    1.651000    1.657695    1.668618    1.679246    1.689579    1.699618    1.709362    1.718810    1.727604    1.727965    1.736824    1.745388    1.753658    1.761632    1.769313    1.861333    1.861114    1.850433    1.840343    1.830842    1.792182    1.768314    1.764767    1.840283    1.864681    1.865550    1.865549    1.865431    1.878275    1.809363    1.792197    1.862942    1.862623    1.862893    1.864235
    1.868062    1.867971    1.867835    1.867615    1.867400    1.867191    1.866989    1.866792    1.866601    1.866423    1.866416    1.866237    1.866064    1.865897    1.865736    1.865581    1.863722    1.863726    1.863942    1.864146    1.864338    1.865119    1.868102    1.871721    1.783664    1.821485    1.863636    1.863699    1.870294    1.797243    1.823356    1.865123    1.863691    1.871466    1.801480    1.808391
    1.969134    1.965296    1.959616    1.950348    1.941330    1.932562    1.924045    1.915777    1.907760    1.900299    1.899993    1.892476    1.885209    1.878193    1.871426    1.864910    1.786832    1.787018    1.796080    1.804642    1.812703    1.845505    1.863585    1.863512    1.874611    1.820625    1.783254    1.783238    1.781589    1.789999    1.841913    1.845681    1.785539    1.781296    1.798793    1.797065
    1.756879    1.757839    1.759259    1.761576    1.763830    1.766022    1.768151    1.770219    1.772223    1.774088    1.774165    1.776044    1.777860    1.779614    1.781306    1.782935    1.802455    1.802408    1.800143    1.798002    1.795987    1.787786    1.780754    1.777207    1.861374    1.836375    1.803349    1.803352    1.803627    1.801525    1.795576    1.800183    1.815218    1.816116    1.813200    1.813488
    1.820185    1.820025    1.819789    1.819402    1.819027    1.818661    1.818306    1.817962    1.817628    1.817317    1.817304    1.816991    1.816688    1.816396    1.816114    1.815843    1.812589    1.812597    1.812975    1.813331    1.813667    1.815034    1.818006    1.821150    1.744851    1.776589    1.812440    1.812440    1.812440    1.819611    1.784311    1.752840    1.750334    1.750239    1.750239    1.750239
    1.750239    1.750239    1.750239    1.750239    1.750239    1.750239    1.750239    1.750239    1.750239    1.750239    1.750239    1.750239    1.750239    1.750239    1.750239    1.750239    1.750239    1.750239    1.750239    1.750239    1.750239    1.750239    1.751863    1.754166    1.697988    1.722862    1.750239    1.750239    1.750239    1.757993    1.720849    1.683000    1.674199    1.684517    1.686603    1.686603
    1.686603    1.686603    1.686603    1.686603    1.686603    1.686603    1.686603    1.686603    1.686603    1.686603    1.686603    1.686603    1.686603    1.686603    1.686603    1.686603    1.686603    1.686603    1.686603    1.686603    1.686603    1.686603    1.686487    1.686322    1.690335    1.688558    1.686603    1.686603    1.686603    1.684562    1.687483    1.722186    1.765687    1.703424    1.690909    1.690909
    1.690909    1.690909    1.690909    1.690909    1.690909    1.690909    1.690909    1.690909    1.690909    1.690909    1.690909    1.690909    1.690909    1.690909    1.690909    1.690909    1.690909    1.690909    1.690909    1.690909    1.690909    1.690909    1.688989    1.686265    1.752698    1.723283    1.689868    1.690948    1.702803    1.695034    1.680437    1.704648    1.761510    1.762442    1.762201    1.762201
    1.762201    1.762201    1.762201    1.762201    1.762201    1.762201    1.762201    1.762201    1.762201    1.762201    1.762201    1.762201    1.762201    1.762201    1.762201    1.762201    1.762201    1.762201    1.762201    1.762201    1.762201    1.762201    1.762162    1.762107    1.763445    1.762853    1.767408    1.762005    1.702731    1.743617    1.771384    1.739244    1.683447    1.750159    1.762085    1.767527
    1.763636    1.763636    1.763636    1.763636    1.763636    1.763636    1.763636    1.763636    1.763636    1.763636    1.763636    1.763636    1.763636    1.763636    1.763636    1.763636    1.763455    1.763446    1.763025    1.762682    1.762415    1.762246    1.767182    1.781018    1.699952    1.708995    1.756187    1.775837    1.703340    1.753346    1.784536    1.760338    1.705612    1.696977    1.705002    1.672352
    1.695694    1.695694    1.695694    1.695694    1.695694    1.695694    1.695694    1.695694    1.695694    1.695694    1.695694    1.695694    1.695694    1.695694    1.695694    1.695694    1.696779    1.696834    1.699360    1.701422    1.703019    1.704036    1.686870    1.621513    1.677208    1.812132    1.775681    1.633742    1.708974    1.657081    1.624310    1.655024    1.711698    1.663456    1.653768    1.653140
    1.653589    1.653589    1.653589    1.653589    1.653589    1.653589    1.653589    1.653589    1.653589    1.653589    1.653589    1.653589    1.653589    1.653589    1.653589    1.653589    1.653609    1.653610    1.653659    1.653699    1.653729    1.653749    1.653519    1.652405    1.649995    1.661755    1.631699    1.590142    1.647593    1.607965    1.581493    1.611235    1.662553    1.599359    1.575027    1.615630
    1.586603    1.586603    1.586603    1.586603    1.586603    1.586603    1.586603    1.586603    1.586603    1.586603    1.586603    1.586603    1.586603    1.586603    1.586603    1.586603    1.585253    1.585185    1.582043    1.579480    1.577493    1.576228    1.596903    1.677225    1.626925    1.485479    1.488608    1.603297    1.587338    1.598346    1.612532    1.579663    1.524314    1.600467    1.626053    1.590054
    1.615789    1.615789    1.615789    1.615789    1.615789    1.615789    1.615789    1.615789    1.615789    1.615789    1.615789    1.615789    1.615789    1.615789    1.615789    1.615789    1.616986    1.617047    1.619832    1.622105    1.623866    1.624988    1.606657    1.535444    1.597832    1.601497    1.599031    1.612451    1.615642    1.613441    1.619453    1.599101    1.553917    1.550560    1.557758    1.531386
    1.550239    1.550239    1.550239    1.550239    1.550239    1.550239    1.550239    1.550239    1.550239    1.550239    1.550239    1.550239    1.550239    1.550239    1.550239    1.550239    1.551116    1.551160    1.553201    1.554866    1.556156    1.556978    1.543549    1.491382    1.543368    1.503257    1.499711    1.550269    1.561103    1.562679    1.560731    1.571743    1.581002    1.512521    1.496955    1.504280
    1.499043    1.499043    1.499043    1.499043    1.499043    1.499043    1.499043    1.499043    1.499043    1.499043    1.499043    1.499043    1.499043    1.499043    1.499043    1.499043    1.498800    1.498787    1.498220    1.497758    1.497400    1.497171    1.500901    1.515392    1.501275    1.510229    1.516033    1.498896    1.444724    1.436842    1.437232    1.434763    1.433075    1.450219    1.454006    1.452541
    1.458513    1.458315    1.458022    1.457550    1.457098    1.456665    1.456251    1.455857    1.455482    1.455140    1.455126    1.454790    1.454473    1.454175    1.453897    1.453638    1.454372    1.454412    1.456349    1.458110    1.459696    1.464987    1.464277    1.450614    1.463924    1.455482    1.461289    1.465839    1.398562    1.398675    1.402392    1.403438    1.402795    1.388038    1.394671    1.399043
    1.369494    1.370687    1.372441    1.375271    1.377987    1.380585    1.383068    1.385434    1.387684    1.389735    1.389818    1.391836    1.393738    1.395523    1.397193    1.398746    1.394635    1.394407    1.383466    1.373455    1.364372    1.332895    1.332350    1.396463    1.345133    1.378391    1.373997    1.337087    1.411967    1.363450    1.341148    1.336206    1.339243    1.410545    1.367382    1.341148
    1.353020    1.353043    1.353077    1.353131    1.353184    1.353234    1.353281    1.353327    1.353370    1.353410    1.353411    1.353450    1.353486    1.353521    1.353553    1.353583    1.353504    1.353499    1.353289    1.353096    1.352922    1.352316    1.354322    1.358417    1.287653    1.328330    1.324950    1.277685    1.341143    1.349233    1.348804    1.348709    1.348767    1.350138    1.349308    1.348804
    1.310909    1.309426    1.307245    1.303725    1.300348    1.297117    1.294030    1.291086    1.288288    1.285738    1.285635    1.283126    1.280761    1.278540    1.276464    1.274532    1.279645    1.279928    1.293534    1.305984    1.317280    1.356423    1.356724    1.276457    1.353368    1.304505    1.307860    1.365300    1.289950    1.342968    1.366986    1.372309    1.369038    1.292251    1.338734    1.366986
    1.332971    1.334286    1.336220    1.339340    1.342334    1.345199    1.347936    1.350546    1.353026    1.355288    1.355379    1.357604    1.359701    1.361669    1.363510    1.365223    1.360690    1.360439    1.348376    1.337337    1.327323    1.292618    1.290221    1.358363    1.363891    1.364915    1.370030    1.363510    1.312652    1.289258    1.283254    1.281923    1.282741    1.300726    1.298384    1.295694
    1.352210    1.353173    1.354590    1.356876    1.359070    1.361168    1.363173    1.365085    1.366902    1.368559    1.368626    1.370255    1.371791    1.373233    1.374582    1.375837    1.372516    1.372332    1.363495    1.355409    1.348073    1.322650    1.323021    1.375956    1.304967    1.357698    1.359601    1.295731    1.310041    1.313273    1.321818    1.328451    1.328315    1.332386    1.278645    1.253589
    1.252563    1.252295    1.251901    1.251266    1.250657    1.250074    1.249517    1.248986    1.248481    1.248021    1.248003    1.247550    1.247123    1.246723    1.246348    1.246000    1.246922    1.246973    1.249428    1.251674    1.253712    1.260774    1.260731    1.246112    1.270559    1.209537    1.213135    1.278422    1.263650    1.282013    1.231475    1.190817    1.200125    1.199407    1.207616    1.211483
    1.151306    1.151359    1.151438    1.151565    1.151687    1.151803    1.151915    1.152021    1.152122    1.152214    1.152218    1.152308    1.152394    1.152474    1.152549    1.152618    1.152434    1.152424    1.151933    1.151483    1.151076    1.149663    1.149654    1.152552    1.157104    1.116606    1.083220    1.087277    1.146552    1.096746    1.131238    1.143614    1.087768    1.083875    1.097438    1.103828
    1.040191    1.040191    1.040191    1.040191    1.040191    1.040191    1.040191    1.040191    1.040191    1.040191    1.040191    1.040191    1.040191    1.040191    1.040191    1.040191    1.040191    1.040191    1.040191    1.040191    1.040191    1.040191    1.040191    1.040191    1.038250    1.059147    1.027784    0.976755    1.037398    0.985599    1.016369    1.058053    1.056979    1.065093    1.002634    0.973206
    0.989952    0.989952    0.989952    0.989952    0.989952    0.989952    0.989952    0.989952    0.989952    0.989952    0.989952    0.989952    0.989952    0.989952    0.989952    0.989952    0.989952    0.989952    0.989952    0.989952    0.989952    0.989952    0.989952    0.989952    0.990340    0.985670    0.993961    1.006646    0.990687    1.013938    0.948659    0.924175    0.984318    0.984646    0.999636    1.006699
    1.003349    1.003349    1.003349    1.003349    1.003349    1.003349    1.003349    1.003349    1.003349    1.003349    1.003349    1.003349    1.003349    1.003349    1.003349    1.003349    1.003349    1.003349    1.003349    1.003349    1.003349    1.003349    1.003349    1.003349    1.003349    1.003758    1.002076    1.000011    1.003202    0.998144    1.013698    1.018956    1.003921    1.003676    1.001177    1.000000
    1.000000    1.000000    1.000000    1.000000    1.000000    1.000000    1.000000    1.000000    1.000000    1.000000    1.000000    1.000000    1.000000    1.000000    1.000000    1.000000    1.000000    1.000000    1.000000    1.000000    1.000000    1.000000    1.000000    1.000000    1.000000    1.000000    0.998959    1.000039    1.011894    1.002609    1.004016    1.011487    1.012980    0.989308    1.003696    1.012440
    1.012440    1.012440    1.012440    1.012440    1.012440    1.012440    1.012440    1.012440    1.012440    1.012440    1.012440    1.012440    1.012440    1.012440    1.012440    1.012440    1.012259    1.012250    1.011829    1.011485    1.011219    1.011050    1.013486    1.023775    1.024880    1.026399    1.026400    1.012234    0.951940    1.011673    0.987264    0.943132    0.958515    1.101473    1.015146    0.962679
    0.975120    0.975120    0.975120    0.975120    0.975120    0.975120    0.975120    0.975120    0.975120    0.975120    0.975120    0.975120    0.975120    0.975120    0.975120    0.975120    0.976024    0.976070    0.978175    0.979894    0.981224    0.982072    0.969892    0.918445    0.914360    0.897015    0.927930    0.974968    0.919428    0.912665    0.919458    0.897399    0.850977    0.851951    0.850291    0.849282
    0.799522    0.799522    0.799522    0.799522    0.799522    0.799522    0.799522    0.799522    0.799522    0.799522    0.799522    0.799522    0.799522    0.799522    0.799522    0.799522    0.800628    0.800684    0.803258    0.805360    0.806988    0.808025    0.792793    0.729394    0.725576    0.769665    0.797110    0.799625    0.820803    0.750108    0.782238    0.812700    0.758544    0.603161    0.696129    0.752632
    0.626794    0.626794    0.626794    0.626794    0.626794    0.626794    0.626794    0.626794    0.626794    0.626794    0.626794    0.626794    0.626794    0.626794    0.626794    0.626794    0.625646    0.625588    0.622916    0.620735    0.619046    0.617970    0.635104    0.702779    0.651666    0.688093    0.683631    0.626770    0.622205    0.639985    0.631855    0.624524    0.638689    0.677559    0.652766    0.644082
    0.593301    0.593301    0.593301    0.593301    0.593301    0.593301    0.593301    0.593301    0.593301    0.593301    0.593301    0.593301    0.593301    0.593301    0.593301    0.593301    0.592425    0.592380    0.590340    0.588674    0.587385    0.586563    0.600082    0.652377    0.607751    0.578357    0.579162    0.593304    0.593579    0.590545    0.591965    0.592997    0.590218    0.583724    0.595356    0.570501
    0.603349    0.603349    0.603349    0.603349    0.603349    0.603349    0.603349    0.603349    0.603349    0.603349    0.603349    0.603349    0.603349    0.603349    0.603349    0.603349    0.603593    0.603605    0.604172    0.604635    0.604993    0.605221    0.601491    0.587000    0.598788    0.605587    0.605706    0.603349    0.603349    0.603349    0.603349    0.603349    0.603349    0.603349    0.611286    0.583449
    0.600000    0.600000    0.600000    0.600000    0.600000    0.600000    0.600000    0.600000    0.600000    0.600000    0.600000    0.600000    0.600000    0.600000    0.600000    0.600000    0.599770    0.599759    0.599224    0.598788    0.598450    0.598235    0.601752    0.615415    0.602493    0.606791    0.612440    0.612450    0.613470    0.602201    0.607475    0.609661    0.600354    0.600000    0.597911    0.605237
    0.612440    0.612440    0.612440    0.612440    0.612440    0.612440    0.612440    0.612440    0.612440    0.612440    0.612440    0.612440    0.612440    0.612440    0.612440    0.612440    0.613345    0.613391    0.615496    0.617214    0.618545    0.619392    0.605538    0.551714    0.604149    0.578485    0.550239    0.550180    0.544057    0.611673    0.580029    0.566912    0.622758    0.624880    0.625298    0.623833
    0.575120    0.575120    0.575120    0.575120    0.575120    0.575120    0.575120    0.575120    0.575120    0.575120    0.575120    0.575120    0.575120    0.575120    0.575120    0.575120    0.576045    0.576092    0.578245    0.580004    0.581365    0.582232    0.568058    0.512992    0.566637    0.540381    0.512525    0.511453    0.500501    0.498709    0.507091    0.508201    0.500474    0.510833    0.514470    0.509028
    0.387081    0.387081    0.387081    0.387081    0.387081    0.387081    0.387081    0.387081    0.387081    0.387081    0.387081    0.387081    0.387081    0.387081    0.387081    0.387081    0.386838    0.386825    0.386259    0.385796    0.385438    0.385210    0.388940    0.403431    0.389314    0.396223    0.398620    0.404038    0.464804    0.407448    0.396571    0.403886    0.387750    0.333874    0.315687    0.342896
    0.276555    0.276555    0.276555    0.276555    0.276555    0.276555    0.276555    0.276555    0.276555    0.276555    0.276555    0.276555    0.276555    0.276555    0.276555    0.276555    0.276604    0.276606    0.276720    0.276812    0.276884    0.276929    0.276183    0.273285    0.276109    0.274727    0.266837    0.273369    0.337978    0.375092    0.311589    0.299726    0.368585    0.306057    0.283813    0.317092
    0.319139    0.319139    0.319139    0.319139    0.319139    0.319139    0.319139    0.319139    0.319139    0.319139    0.319139    0.319139    0.319139    0.319139    0.319139    0.319139    0.319139    0.319139    0.319139    0.319139    0.319139    0.319139    0.319139    0.319139    0.319139    0.319139    0.325748    0.318955    0.250473    0.227815    0.286293    0.295527    0.237167    0.302552    0.325636    0.291101
    0.262679    0.262679    0.262679    0.262679    0.262679    0.262679    0.262679    0.262679    0.262679    0.262679    0.262679    0.262679    0.262679    0.262679    0.262679    0.262679    0.262679    0.262679    0.262679    0.262679    0.262679    0.262679    0.262679    0.262679    0.262679    0.262679    0.267727    0.262537    0.210032    0.195046    0.238618    0.245220    0.202568    0.252571    0.270198    0.243826
    0.136842    0.136842    0.136842    0.136842    0.136842    0.136842    0.136842    0.136842    0.136842    0.136842    0.136842    0.136842    0.136842    0.136842    0.136842    0.136842    0.136842    0.136842    0.136842    0.136842    0.136842    0.136842    0.136842    0.136842    0.136842    0.136842    0.135440    0.136882    0.151466    0.155629    0.143526    0.141692    0.153540    0.139650    0.134753    0.142079
    0.089474    0.089474    0.089474    0.089474    0.089474    0.089474    0.089474    0.089474    0.089474    0.089474    0.089474    0.089474    0.089474    0.089474    0.089474    0.089474    0.089474    0.089474    0.089474    0.089474    0.089474    0.089474    0.089474    0.089474    0.089474    0.089474    0.089874    0.089462    0.085295    0.084106    0.087564    0.088088    0.084703    0.088671    0.090070    0.087977
    0.105263    0.105263    0.105263    0.105263    0.105263    0.105263    0.105263    0.105263    0.105263    0.105263    0.105263    0.105263    0.105263    0.105263    0.105263    0.105263    0.105263    0.105263    0.105263    0.105263    0.105263    0.105263    0.105263    0.105263    0.105263    0.105263    0.105063    0.105269    0.107352    0.107947    0.106218    0.105956    0.107649    0.105664    0.104965    0.106011
#
# dtdh (rows - delta, columns - depth)
#
 -999.000000 -999.000000 -999.000000 -999.000000 -999.000000 -999.000000 -999.000000 -999.000000 -999.000000 -999.000000 -999.000000 -999.000000 -999.000000 -999.000000 -999.000000 -999.000000 -999.000000 -999.000000 -999.000000 -999.000000 -999.000000 -999.000000 -999.000000 -999.000000 -999.000000 -999.000000 -999.000000 -999.000000 -999.000000 -999.000000   -0.102058   -0.098547   -0.095294   -0.092155   -0.091476   -0.091529
   -0.043534   -0.043894   -0.045061   -0.046717   -0.048346   -0.049964   -0.051583   -0.053201   -0.054816   -0.056221   -0.056288   -0.058013   -0.059673   -0.061291   -0.062909   -1.160987   -0.254647   -0.083839   -0.127432   -0.127178   -0.126914   -0.125608   -0.124302   -0.121749   -0.119237   -0.116669   -0.114227   -0.112719   -0.110763   -0.106245   -0.101322   -0.097364   -0.094269   -0.092883   -0.092832   -0.091906
   -0.043534   -0.043894   -0.045061   -0.046717   -0.048346   -0.049964   -0.051583   -0.053201   -0.054816   -0.056221   -0.056288   -0.058013   -0.059673   -0.061291   -0.062909   -1.160987   -0.254647   -0.083839   -0.127432   -0.127178   -0.126914   -0.125608   -0.124302   -0.121749   -0.119123   -0.116975   -0.115505   -0.112595   -0.109319   -0.106200   -0.101580   -0.098597   -0.094330   -0.091431   -0.092830   -0.091907
   -0.038751   -0.039139   -0.040395   -0.042179   -0.043933   -0.045676   -0.047419   -0.049161   -0.050901   -0.052410   -0.052481   -0.054345   -0.056132   -0.057874   -0.059617   -1.140008   -0.254605   -0.086987   -0.129618   -0.129234   -0.128838   -0.126831   -0.124803   -0.121585   -0.119237   -0.116669   -0.114228   -0.112796   -0.110027   -0.105303   -0.102455   -0.097970   -0.094223   -0.092316   -0.091484   -0.091526
   -0.043534   -0.043894   -0.045061   -0.046717   -0.048346   -0.049964   -0.051583   -0.053201   -0.054816   -0.056221   -0.056288   -0.058013   -0.059673   -0.061291   -0.062909   -1.160987   -0.254647   -0.083839   -0.127432   -0.127178   -0.126914   -0.125608   -0.124302   -0.121749   -0.119237   -0.116669   -0.114227   -0.112719   -0.110763   -0.106245   -0.101322   -0.097364   -0.094269   -0.092883   -0.092832   -0.091906
   -0.043534   -0.043894   -0.045061   -0.046717   -0.048346   -0.049964   -0.051583   -0.053201   -0.054816   -0.056221   -0.056288   -0.058013   -0.059673   -0.061291   -0.062909   -1.160987   -0.254647   -0.083839   -0.127432   -0.127178   -0.126914   -0.125608   -0.124302   -0.121749   -0.119237   -0.116669   -0.114227   -0.112719   -0.110763   -0.106137   -0.101546   -0.098597   -0.094330   -0.091431   -0.092830   -0.091907
   -0.040353   -0.040728   -0.041940   -0.043659   -0.045351   -0.047031   -0.048712   -0.050392   -0.052069   -0.053530   -0.053599   -0.055389   -0.057113   -0.058794   -0.060474   -1.139630   -0.252295   -0.084665   -0.127432   -0.127178   -0.126914   -0.125561   -0.124185   -0.122455   -0.120568   -0.116784   -0.114161   -0.112796   -0.110027   -0.105303   -0.102455   -0.097970   -0.094132   -0.092883   -0.092832   -0.091906
   -0.043534   -0.043894   -0.045061   -0.046717   -0.048346   -0.049964   -0.051583   -0.053201   -0.054816   -0.056221   -0.056288   -0.058013   -0.059673   -0.061291   -0.062909   -1.160987   -0.254647   -0.083839   -0.127432   -0.127178   -0.126914   -0.125608   -0.124302   -0.121749   -0.119123   -0.116975   -0.115505   -0.112595   -0.109206   -0.106712   -0.102678   -0.097890   -0.094223   -0.092200   -0.091726   -0.092717
   -0.043534   -0.043894   -0.045061   -0.046717   -0.048346   -0.049964   -0.051583   -0.053201   -0.054816   -0.056221   -0.056288   -0.058013   -0.059673   -0.061291   -0.062909   -1.160987   -0.254647   -0.083839   -0.127432   -0.127178   -0.126914   -0.125608   -0.124302   -0.121749   -0.119237   -0.116669   -0.114227   -0.112719   -0.110763   -0.106137   -0.101546   -0.098597   -0.094330   -0.091431   -0.092830   -0.091907
   -0.043534   -0.043894   -0.045061   -0.046717   -0.048346   -0.049964   -0.051583   -0.053201   -0.054816   -0.056221   -0.056288   -0.058013   -0.059673   -0.061291   -0.062909   -1.160987   -0.254647   -0.083839   -0.127432   -0.127178   -0.126914   -0.125608   -0.124302   -0.121749   -0.119237   -0.116669   -0.114228   -0.112796   -0.110027   -0.105303   -0.102455   -0.097970   -0.094132   -0.092883   -0.092832   -0.091906
   -0.043534   -0.043894   -0.045061   -0.046717   -0.048346   -0.049964   -0.051583   -0.053201   -0.054816   -0.056221   -0.056288   -0.058013   -0.059673   -0.061291   -0.062909   -1.160987   -0.254647   -0.083839   -0.127432   -0.127178   -0.126914   -0.125608   -0.124302   -0.121749   -0.119123   -0.116975   -0.115505   -0.112595   -0.109319   -0.106200   -0.101580   -0.098597   -0.094330   -0.091431   -0.092830   -0.091907
   -0.038751   -0.039139   -0.040395   -0.042179   -0.043933   -0.045676   -0.047419   -0.049161   -0.050901   -0.052410   -0.052481   -0.054345   -0.056132   -0.057874   -0.059617   -1.140008   -0.254605   -0.086987   -0.129618   -0.129234   -0.128838   -0.126831   -0.124803   -0.121585   -0.119237   -0.116669   -0.114228   -0.112796   -0.110027   -0.105303   -0.102455   -0.097970   -0.094132   -0.092883   -0.092832   -0.091906
   -0.043534   -0.043894   -0.045061   -0.046717   -0.048346   -0.049964   -0.051583   -0.053201   -0.054816   -0.056221   -0.056288   -0.058013   -0.059673   -0.061291   -0.062909   -1.160987   -0.254647   -0.083839   -0.127432   -0.127178   -0.126914   -0.125608   -0.124302   -0.121749   -0.119123   -0.116975   -0.115505   -0.112595   -0.109206   -0.106712   -0.102678   -0.097890   -0.094223   -0.092200   -0.091726   -0.092717
   -0.043534   -0.043894   -0.045061   -0.046717   -0.048346   -0.049964   -0.051583   -0.053201   -0.054816   -0.056221   -0.056288   -0.058013   -0.059673   -0.061291   -0.062909   -1.160987   -0.254647   -0.083839   -0.127432   -0.127178   -0.126914   -0.125608   -0.124302   -0.121749   -0.119237   -0.116669   -0.114227   -0.112719   -0.110763   -0.106137   -0.101546   -0.098597   -0.094330   -0.091431   -0.092830   -0.091907
   -0.038751   -0.039139   -0.040395   -0.042179   -0.043933   -0.045676   -0.047419   -0.049161   -0.050901   -0.052410   -0.052481   -0.054345   -0.056132   -0.057874   -0.059617   -1.140008   -0.254605   -0.086987   -0.129618   -0.129234   -0.128838   -0.126831   -0.124803   -0.121585   -0.119237   -0.116669   -0.114228   -0.112796   -0.110027   -0.105303   -0.102455   -0.097970   -0.094132   -0.092883   -0.092832   -0.091906
   -0.043534   -0.043894   -0.045061   -0.046717   -0.048346   -0.049964   -0.051583   -0.053201   -0.054816   -0.056221   -0.056288   -0.058013   -0.059673   -0.061291   -0.062909   -1.160987   -0.254647   -0.083839   -0.127432   -0.127178   -0.126914   -0.125608   -0.124302   -0.121749   -0.119123   -0.116975   -0.115505   -0.112595   -0.109206   -0.106712   -0.102678   -0.097890   -0.094132   -0.092883   -0.092832   -0.091906
   -0.043534   -0.043894   -0.045061   -0.046717   -0.048346   -0.049964   -0.051583   -0.053201   -0.054816   -0.056221   -0.056288   -0.058013   -0.059673   -0.061291   -0.062909   -1.160987   -0.254647   -0.083839   -0.127432   -0.127178   -0.126914   -0.125608   -0.124302   -0.121749   -0.119237   -0.116669   -0.114227   -0.112719   -0.110650   -0.106649   -0.102644   -0.097890   -0.094223   -0.092200   -0.091726   -0.092717
   -0.043534   -0.043894   -0.045061   -0.046717   -0.048346   -0.049964   -0.051583   -0.053201   -0.054816   -0.056221   -0.056288   -0.058013   -0.059673   -0.061291   -0.062909   -1.160987   -0.254647   -0.083839   -0.127432   -0.127178   -0.126914   -0.125608   -0.124302   -0.121749   -0.119237   -0.116669   -0.114227   -0.112719   -0.110763   -0.106137   -0.101484   -0.098547   -0.095294   -0.092155   -0.091476   -0.091529
   -0.038751   -0.039139   -0.040395   -0.042179   -0.043933   -0.045676   -0.047419   -0.049161   -0.050901   -0.052410   -0.052481   -0.054345   -0.056132   -0.057874   -0.059617   -1.140008   -0.254605   -0.086987   -0.129618   -0.129234   -0.128838   -0.126831   -0.124803   -0.121585   -0.119237   -0.116669   -0.114227   -0.112719   -0.110763   -0.106245   -0.101322   -0.097364   -0.094269   -0.092883   -0.092832   -0.091906
   -0.043534   -0.043894   -0.045061   -0.046717   -0.048346   -0.049964   -0.051583   -0.053201   -0.054816   -0.056221   -0.056288   -0.058013   -0.059673   -0.061291   -0.062909   -1.160987   -0.254647   -0.083839   -0.127432   -0.127178   -0.126914   -0.125608   -0.124302   -0.121749   -0.119123   -0.116975   -0.115505   -0.112595   -0.109206   -0.106712   -0.102678   -0.097890   -0.094132   -0.092883   -0.092832   -0.091906
   -0.043534   -0.043894   -0.045061   -0.046717   -0.048346   -0.049964   -0.051583   -0.053201   -0.054816   -0.056221   -0.056288   -0.058013   -0.059673   -0.061291   -0.062909   -1.160987   -0.254647   -0.083839   -0.127432   -0.127178   -0.126914   -0.125608   -0.124302   -0.121749   -0.119237   -0.116669   -0.114227   -0.112719   -0.110763   -0.106137   -0.101484   -0.098547   -0.095203   -0.092721   -0.092825   -0.091909
   -0.043534   -0.043894   -0.045061   -0.046717   -0.048346   -0.049964   -0.051583   -0.053201   -0.054816   -0.056221   -0.056288   -0.058013   -0.059673   -0.061291   -0.062909   -1.160987   -0.254647   -0.083839   -0.127432   -0.127178   -0.126914   -0.125608   -0.124302   -0.121749   -0.119237   -0.116669   -0.114227   -0.112719   -0.110763   -0.106137   -0.101484   -0.098547   -0.095203   -0.092721   -0.092825   -0.091909
   -0.043534   -0.043894   -0.045061   -0.046717   -0.048346   -0.049964   -0.051583   -0.053201   -0.054816   -0.056221   -0.056288   -0.058013   -0.059673   -0.061291   -0.062909   -1.160987   -0.254647   -0.083839   -0.127432   -0.127178   -0.126914   -0.125608   -0.124302   -0.121749   -0.119237   -0.116669   -0.114227   -0.112719   -0.110763   -0.106137   -0.101484   -0.098547   -0.095385   -0.091355   -0.090611   -0.093532
   -0.043534   -0.043894   -0.045061   -0.046717   -0.048346   -0.049964   -0.051583   -0.053201   -0.054816   -0.056221   -0.056288   -0.058013   -0.059673   -0.061291   -0.062909   -1.160987   -0.254647   -0.083839   -0.127432   -0.127178   -0.126914   -0.125608   -0.124302   -0.121749   -0.119123   -0.116975   -0.115505   -0.112595   -0.109206   -0.106712   -0.102678   -0.097890   -0.094132   -0.092883   -0.092832   -0.091906
   -0.043534   -0.043894   -0.045061   -0.046717   -0.048346   -0.049964   -0.051583   -0.053201   -0.054816   -0.056221   -0.056288   -0.058013   -0.059673   -0.061291   -0.062909   -1.160987   -0.254647   -0.083839   -0.127432   -0.127178   -0.126914   -0.125608   -0.124302   -0.121644   -0.119700   -0.118007   -0.114656   -0.112598   -0.110763   -0.106137   -0.101546   -0.098597   -0.094330   -0.091315   -0.093072   -0.093098
   -0.038751   -0.039139   -0.040395   -0.042179   -0.043933   -0.045676   -0.047419   -0.049161   -0.050901   -0.052410   -0.052481   -0.054345   -0.056132   -0.057874   -0.059617   -1.140008   -0.254605   -0.086987   -0.129618   -0.129234   -0.128838   -0.126831   -0.124803   -0.121585   -0.119237   -0.116669   -0.114227   -0.112719   -0.110650   -0.106649   -0.102644   -0.097890   -0.094132   -0.092883   -0.092832   -0.091906
   -0.043534   -0.043894   -0.045061   -0.046717   -0.048346   -0.049964   -0.051583   -0.053201   -0.054816   -0.056221   -0.056288   -0.058013   -0.059673   -0.061291   -0.062909   -1.160987   -0.254647   -0.083839   -0.127432   -0.127178   -0.126914   -0.125561   -0.124185   -0.122455   -0.120568   -0.116784   -0.114160   -0.112719   -0.110763   -0.106137   -0.101484   -0.098547   -0.095203   -0.092721   -0.092825   -0.091909
   -0.043534   -0.043894   -0.045061   -0.046717   -0.048346   -0.049964   -0.051583   -0.053201   -0.054816   -0.056221   -0.056288   -0.058013   -0.059673   -0.061291   -0.062909   -1.160987   -0.254647   -0.083839   -0.127432   -0.127178   -0.126914   -0.125608   -0.124302   -0.121644   -0.119700   -0.118007   -0.114657   -0.112675   -0.110027   -0.105194   -0.102617   -0.099152   -0.095156   -0.092038   -0.091718   -0.092721
   -0.038751   -0.039139   -0.040395   -0.042179   -0.043933   -0.045676   -0.047419   -0.049161   -0.050901   -0.052410   -0.052481   -0.054345   -0.056132   -0.057874   -0.059617   -1.140008   -0.254605   -0.086987   -0.129618   -0.129234   -0.128838   -0.126831   -0.124803   -0.121585   -0.119237   -0.116669   -0.114227   -0.112719   -0.110650   -0.106649   -0.102644   -0.097890   -0.094132   -0.092883   -0.092832   -0.091906
   -0.043534   -0.043894   -0.045061   -0.046717   -0.048346   -0.049964   -0.051583   -0.053201   -0.054816   -0.056221   -0.056288   -0.058013   -0.059673   -0.061291   -0.062909   -1.160987   -0.254647   -0.083839   -0.127432   -0.127178   -0.126914   -0.125561   -0.124185   -0.122455   -0.120568   -0.116784   -0.114160   -0.112719   -0.110763   -0.106137   -0.101484   -0.098547   -0.095203   -0.092721   -0.092825   -0.091909
   -0.043534   -0.043894   -0.045061   -0.046717   -0.048346   -0.049964   -0.051583   -0.053201   -0.054816   -0.056221   -0.056288   -0.058013   -0.059673   -0.061291   -0.062909   -1.160987   -0.254647   -0.083839   -0.127432   -0.127178   -0.126914   -0.125608   -0.124302   -0.121644   -0.119700   -0.118007   -0.114656   -0.112598   -0.110763   -0.106137   -0.101484   -0.098547   -0.095203   -0.092721   -0.092825   -0.091909
   -0.043534   -0.043894   -0.045061   -0.046717   -0.048346   -0.049964   -0.051583   -0.053201   -0.054816   -0.056221   -0.056288   -0.058013   -0.059673   -0.061291   -0.062909   -1.160987   -0.254647   -0.083839   -0.127432   -0.127178   -0.126914   -0.125608   -0.124302   -0.121644   -0.119700   -0.118007   -0.114656   -0.112598   -0.110763   -0.106137   -0.101484   -0.098547   -0.095203   -0.092721   -0.092825   -0.091909
   -0.043534   -0.043894   -0.045061   -0.046717   -0.048346   -0.049964   -0.051583   -0.053201   -0.054816   -0.056221   -0.056288   -0.058013   -0.059673   -0.061291   -0.062909   -1.160987   -0.254647   -0.083839   -0.127432   -0.127178   -0.126914   -0.125561   -0.124185   -0.122455   -0.120568   -0.116784   -0.114160   -0.112719   -0.110650   -0.106540   -0.102806   -0.099072   -0.095065   -0.092721   -0.092825   -0.091909
   -0.043534   -0.043894   -0.045061   -0.046717   -0.048346   -0.049964   -0.051583   -0.053201   -0.054816   -0.056221   -0.056288   -0.058013   -0.059673   -0.061291   -0.062909   -1.160987   -0.254647   -0.083839   -0.127432   -0.127178   -0.126914   -0.125561   -0.124185   -0.122455   -0.120568   -0.116784   -0.114160   -0.112719   -0.110650   -0.106540   -0.102806   -0.099072   -0.095065   -0.092721   -0.092825   -0.091909
   -0.043534   -0.043894   -0.045061   -0.046717   -0.048346   -0.049964   -0.051583   -0.053201   -0.054816   -0.056221   -0.056288   -0.058013   -0.059673   -0.061291   -0.062909   -1.160987   -0.254647   -0.083839   -0.127432   -0.127178   -0.126914   -0.125561   -0.124185   -0.122455   -0.120568   -0.116784   -0.114160   -0.112719   -0.110650   -0.106649   -0.102582   -0.097840   -0.095004   -0.094172   -0.092827   -0.091908
   -0.043534   -0.043894   -0.045061   -0.046717   -0.048346   -0.049964   -0.051583   -0.053201   -0.054816   -0.056221   -0.056288   -0.058013   -0.059673   -0.061291   -0.062909   -1.160987   -0.254647   -0.083839   -0.127432   -0.127178   -0.126914   -0.125608   -0.124302   -0.121644   -0.119700   -0.118007   -0.114656   -0.112598   -0.110650   -0.106649   -0.102644   -0.097890   -0.094132   -0.092883   -0.092832   -0.091906
   -0.043534   -0.043894   -0.045061   -0.046717   -0.048346   -0.049964   -0.051583   -0.053201   -0.054816   -0.056221   -0.056288   -0.058013   -0.059673   -0.061291   -0.062909   -1.160987   -0.254647   -0.083839   -0.127432   -0.127178   -0.126914   -0.125561   -0.124185   -0.122455   -0.120568   -0.116706   -0.114130   -0.113746   -0.111284   -0.105131   -0.102583   -0.099152   -0.095065   -0.092721   -0.092825   -0.091909
   -0.043534   -0.043894   -0.045061   -0.046717   -0.048346   -0.049964   -0.051583   -0.053201   -0.054816   -0.056221   -0.056288   -0.058013   -0.059673   -0.061291   -0.062909   -1.160987   -0.254647   -0.083839   -0.127432   -0.127178   -0.126914   -0.125561   -0.124185   -0.122455   -0.120568   -0.116706   -0.114130   -0.113746   -0.111284   -0.105131   -0.102583   -0.099152   -0.095065   -0.092604   -0.093067   -0.093101
   -0.043534   -0.043894   -0.045061   -0.046717   -0.048346   -0.049964   -0.051583   -0.053201   -0.054816   -0.056221   -0.056288   -0.058013   -0.059673   -0.061291   -0.062909   -1.160698   -0.253906   -0.083097   -0.126826   -0.126700   -0.126568   -0.126011   -0.125496   -0.123101   -0.117867   -0.114655   -0.117111   -0.115441   -0.110087   -0.106649   -0.102582   -0.097840   -0.095004   -0.094172   -0.092827   -0.091908
   -0.043534   -0.043894   -0.045061   -0.046717   -0.048346   -0.049964   -0.051583   -0.053201   -0.054816   -0.056221   -0.056288   -0.058013   -0.059673   -0.061291   -0.062909   -1.160987   -0.254647   -0.083839   -0.127432   -0.127178   -0.126914   -0.125561   -0.124185   -0.122455   -0.120454   -0.117012   -0.115408   -0.113545   -0.110462   -0.106649   -0.102582   -0.097840   -0.095004   -0.094172   -0.092827   -0.091908
   -0.043534   -0.043894   -0.045061   -0.046717   -0.048346   -0.049964   -0.051583   -0.053201   -0.054816   -0.056221   -0.056288   -0.058013   -0.059673   -0.061291   -0.062909   -1.160987   -0.254647   -0.083839   -0.127432   -0.127178   -0.126914   -0.125561   -0.124185   -0.122455   -0.120454   -0.117012   -0.115408   -0.113545   -0.110462   -0.106540   -0.102806   -0.099072   -0.095065   -0.092604   -0.093067   -0.093101
   -0.043534   -0.043894   -0.045061   -0.046717   -0.048346   -0.049964   -0.051583   -0.053201   -0.054816   -0.056221   -0.056288   -0.058013   -0.059673   -0.061291   -0.062909   -1.160698   -0.253906   -0.083097   -0.126826   -0.126700   -0.126568   -0.126011   -0.125496   -0.122785   -0.119598   -0.117983   -0.114656   -0.112598   -0.110650   -0.106540   -0.102744   -0.099022   -0.095938   -0.093894   -0.093061   -0.093103
   -0.043534   -0.043894   -0.045061   -0.046717   -0.048346   -0.049964   -0.051583   -0.053201   -0.054816   -0.056221   -0.056288   -0.058013   -0.059673   -0.061291   -0.062909   -1.160698   -0.253906   -0.083097   -0.126826   -0.126700   -0.126568   -0.126011   -0.125496   -0.122785   -0.119598   -0.117983   -0.114656   -0.112598   -0.110650   -0.106540   -0.102744   -0.099022   -0.095938   -0.093894   -0.093061   -0.093103
   -0.043534   -0.043894   -0.045061   -0.046717   -0.048346   -0.049964   -0.051583   -0.053201   -0.054816   -0.056221   -0.056288   -0.058013   -0.059673   -0.061291   -0.062909   -1.160698   -0.253906   -0.083097   -0.126826   -0.126700   -0.126568   -0.126011   -0.125496   -0.122785   -0.119598   -0.117905   -0.114625   -0.113548   -0.111906   -0.106477   -0.102711   -0.099022   -0.095938   -0.093894   -0.093061   -0.093103
   -0.043534   -0.043894   -0.045061   -0.046717   -0.048346   -0.049964   -0.051583   -0.053201   -0.054816   -0.056221   -0.056288   -0.058013   -0.059673   -0.061291   -0.062909   -1.160698   -0.253906   -0.083097   -0.126826   -0.126700   -0.126568   -0.126011   -0.125496   -0.122785   -0.119598   -0.117905   -0.114625   -0.113548   -0.111906   -0.106477   -0.102711   -0.099022   -0.095938   -0.093894   -0.093061   -0.093103
   -0.041931   -0.042305   -0.043517   -0.045237   -0.046929   -0.048609   -0.050289   -0.051970   -0.053647   -0.055110   -0.055179   -0.056967   -0.058691   -0.060372   -0.062052   -1.161365   -0.256957   -0.086160   -0.129618   -0.129234   -0.128838   -0.126783   -0.124686   -0.122291   -0.120454   -0.117012   -0.115407   -0.113468   -0.111085   -0.107886   -0.102996   -0.098992   -0.094974   -0.093171   -0.094415   -0.093481
   -0.043534   -0.043894   -0.045061   -0.046717   -0.048346   -0.049964   -0.051583   -0.053201   -0.054816   -0.056221   -0.056288   -0.058013   -0.059673   -0.061291   -0.062909   -1.160698   -0.253906   -0.083097   -0.126826   -0.126700   -0.126568   -0.125963   -0.125380   -0.123596   -0.120352   -0.116988   -0.115408   -0.113545   -0.110462   -0.106540   -0.102744   -0.099022   -0.095938   -0.093894   -0.093061   -0.093103
   -0.043534   -0.043894   -0.045061   -0.046717   -0.048346   -0.049964   -0.051583   -0.053201   -0.054816   -0.056221   -0.056288   -0.058013   -0.059673   -0.061291   -0.062909   -1.160698   -0.253906   -0.083097   -0.126826   -0.126700   -0.126568   -0.126011   -0.125496   -0.122785   -0.119598   -0.117905   -0.114625   -0.113548   -0.111906   -0.106477   -0.102711   -0.099022   -0.095938   -0.093894   -0.093061   -0.093103
   -0.041931   -0.042305   -0.043517   -0.045237   -0.046929   -0.048609   -0.050289   -0.051970   -0.053647   -0.055110   -0.055179   -0.056967   -0.058691   -0.060372   -0.062052   -1.161365   -0.256957   -0.086160   -0.129618   -0.129234   -0.128838   -0.126783   -0.124686   -0.122291   -0.120454   -0.116934   -0.115376   -0.114495   -0.111719   -0.106477   -0.102711   -0.099022   -0.095938   -0.093894   -0.093061   -0.093103
   -0.041931   -0.042305   -0.043517   -0.045237   -0.046929   -0.048609   -0.050289   -0.051970   -0.053647   -0.055110   -0.055179   -0.056967   -0.058691   -0.060372   -0.062052   -1.161365   -0.256957   -0.086160   -0.129618   -0.129234   -0.128838   -0.126783   -0.124686   -0.122291   -0.120454   -0.116934   -0.115376   -0.114495   -0.111719   -0.106477   -0.102711   -0.099022   -0.095847   -0.094460   -0.094410   -0.093483
   -0.041931   -0.042305   -0.043517   -0.045237   -0.046929   -0.048609   -0.050289   -0.051970   -0.053647   -0.055110   -0.055179   -0.056967   -0.058691   -0.060372   -0.062052   -1.161365   -0.256957   -0.086160   -0.129618   -0.129234   -0.128838   -0.126783   -0.124686   -0.122185   -0.121031   -0.118043   -0.114558   -0.113548   -0.111792   -0.106881   -0.104033   -0.099547   -0.095800   -0.093894   -0.093061   -0.093103
   -0.041931   -0.042305   -0.043517   -0.045237   -0.046929   -0.048609   -0.050289   -0.051970   -0.053647   -0.055110   -0.055179   -0.056967   -0.058691   -0.060372   -0.062052   -1.161365   -0.256957   -0.086160   -0.129618   -0.129234   -0.128838   -0.126783   -0.124686   -0.122185   -0.120917   -0.118349   -0.115836   -0.113347   -0.111198   -0.107374   -0.101774   -0.099599   -0.096918   -0.094299   -0.094402   -0.093487
   -0.041931   -0.042305   -0.043517   -0.045237   -0.046929   -0.048609   -0.050289   -0.051970   -0.053647   -0.055110   -0.055179   -0.056967   -0.058691   -0.060372   -0.062052   -1.161365   -0.256957   -0.086160   -0.129618   -0.129234   -0.128838   -0.126783   -0.124686   -0.122185   -0.120917   -0.118349   -0.115836   -0.113347   -0.111085   -0.107886   -0.102934   -0.098942   -0.095847   -0.094460   -0.094410   -0.093483
   -0.041931   -0.042305   -0.043517   -0.045237   -0.046929   -0.048609   -0.050289   -0.051970   -0.053647   -0.055110   -0.055179   -0.056967   -0.058691   -0.060372   -0.062052   -1.161365   -0.256957   -0.086160   -0.129618   -0.129234   -0.128838   -0.126783   -0.124686   -0.122185   -0.120917   -0.118349   -0.115836   -0.113347   -0.111085   -0.107886   -0.102934   -0.098942   -0.095847   -0.094460   -0.094410   -0.093483
   -0.041931   -0.042305   -0.043517   -0.045237   -0.046929   -0.048609   -0.050289   -0.051970   -0.053647   -0.055110   -0.055179   -0.056967   -0.058691   -0.060372   -0.062052   -1.161365   -0.256957   -0.086160   -0.129618   -0.129234   -0.128838   -0.126783   -0.124686   -0.122185   -0.120917   -0.118349   -0.115836   -0.113347   -0.111085   -0.107886   -0.102934   -0.098942   -0.095847   -0.094460   -0.094410   -0.093483
   -0.041931   -0.042305   -0.043517   -0.045237   -0.046929   -0.048609   -0.050289   -0.051970   -0.053647   -0.055110   -0.055179   -0.056967   -0.058691   -0.060372   -0.062052   -1.161365   -0.256957   -0.086160   -0.129618   -0.129234   -0.128838   -0.126783   -0.124686   -0.122185   -0.120917   -0.118349   -0.115836   -0.113347   -0.111085   -0.107886   -0.102934   -0.098942   -0.095847   -0.094460   -0.094410   -0.093483
   -0.041931   -0.042305   -0.043517   -0.045237   -0.046929   -0.048609   -0.050289   -0.051970   -0.053647   -0.055110   -0.055179   -0.056967   -0.058691   -0.060372   -0.062052   -1.161365   -0.256957   -0.086160   -0.129618   -0.129234   -0.128838   -0.126783   -0.124686   -0.122185   -0.120917   -0.118271   -0.115805   -0.114374   -0.111605   -0.106881   -0.104156   -0.099648   -0.093782   -0.093014   -0.097118   -0.094238
   -0.041931   -0.042305   -0.043517   -0.045237   -0.046929   -0.048609   -0.050289   -0.051970   -0.053647   -0.055110   -0.055179   -0.056967   -0.058691   -0.060372   -0.062052   -1.161076   -0.256216   -0.085418   -0.129012   -0.128756   -0.128492   -0.127186   -0.125880   -0.123327   -0.120929   -0.118019   -0.114557   -0.113470   -0.112529   -0.107715   -0.103062   -0.100124   -0.096780   -0.094299   -0.094402   -0.093487
   -0.041931   -0.042305   -0.043517   -0.045237   -0.046929   -0.048609   -0.050289   -0.051970   -0.053647   -0.055110   -0.055179   -0.056967   -0.058691   -0.060372   -0.062052   -1.161076   -0.256216   -0.085418   -0.129012   -0.128756   -0.128492   -0.127186   -0.125880   -0.123432   -0.120352   -0.116910   -0.115376   -0.114418   -0.112341   -0.107715   -0.103062   -0.100124   -0.096780   -0.094299   -0.094402   -0.093487
   -0.041931   -0.042305   -0.043517   -0.045237   -0.046929   -0.048609   -0.050289   -0.051970   -0.053647   -0.055110   -0.055179   -0.056967   -0.058691   -0.060372   -0.062052   -1.161365   -0.256957   -0.086160   -0.129618   -0.129234   -0.128838   -0.126736   -0.124569   -0.122997   -0.121784   -0.117048   -0.115309   -0.114418   -0.112341   -0.107715   -0.103062   -0.100124   -0.096780   -0.094299   -0.094402   -0.093487
   -0.041931   -0.042305   -0.043517   -0.045237   -0.046929   -0.048609   -0.050289   -0.051970   -0.053647   -0.055110   -0.055179   -0.056967   -0.058691   -0.060372   -0.062052   -1.161365   -0.256957   -0.086160   -0.129618   -0.129234   -0.128838   -0.126736   -0.124569   -0.122997   -0.121784   -0.117048   -0.115309   -0.114418   -0.112341   -0.107715   -0.103062   -0.100124   -0.096780   -0.094182   -0.094644   -0.094678
   -0.041931   -0.042305   -0.043517   -0.045237   -0.046929   -0.048609   -0.050289   -0.051970   -0.053647   -0.055110   -0.055179   -0.056967   -0.058691   -0.060372   -0.062052   -1.161365   -0.256957   -0.086160   -0.129618   -0.129234   -0.128838   -0.126736   -0.124569   -0.122997   -0.121784   -0.117048   -0.115309   -0.114418   -0.112341   -0.107715   -0.103062   -0.100124   -0.096780   -0.094182   -0.094644   -0.094678
   -0.041931   -0.042305   -0.043517   -0.045237   -0.046929   -0.048609   -0.050289   -0.051970   -0.053647   -0.055110   -0.055179   -0.056967   -0.058691   -0.060372   -0.062052   -1.161365   -0.256957   -0.086160   -0.129618   -0.129234   -0.128838   -0.126736   -0.124569   -0.122997   -0.121784   -0.117048   -0.115309   -0.114418   -0.112341   -0.107715   -0.103062   -0.100124   -0.096780   -0.094182   -0.094644   -0.094678
   -0.041931   -0.042305   -0.043517   -0.045237   -0.046929   -0.048609   -0.050289   -0.051970   -0.053647   -0.055110   -0.055179   -0.056967   -0.058691   -0.060372   -0.062052   -1.161076   -0.256216   -0.085418   -0.129012   -0.128756   -0.128492   -0.127186   -0.125880   -0.123327   -0.120815   -0.118247   -0.115805   -0.114374   -0.111605   -0.106881   -0.104033   -0.099547   -0.095709   -0.094344   -0.094652   -0.094675
   -0.041931   -0.042305   -0.043517   -0.045237   -0.046929   -0.048609   -0.050289   -0.051970   -0.053647   -0.055110   -0.055179   -0.056967   -0.058691   -0.060372   -0.062052   -1.161076   -0.256216   -0.085418   -0.129012   -0.128756   -0.128492   -0.127186   -0.125880   -0.123327   -0.120815   -0.118247   -0.115805   -0.114297   -0.112341   -0.107715   -0.103062   -0.100124   -0.096780   -0.094182   -0.094644   -0.094678
   -0.041931   -0.042305   -0.043517   -0.045237   -0.046929   -0.048609   -0.050289   -0.051970   -0.053647   -0.055110   -0.055179   -0.056967   -0.058691   -0.060372   -0.062052   -1.161076   -0.256216   -0.085418   -0.129012   -0.128756   -0.128492   -0.127186   -0.125880   -0.123327   -0.120815   -0.118325   -0.115836   -0.113347   -0.110971   -0.108290   -0.104194   -0.099417   -0.096582   -0.095750   -0.094405   -0.093486
   -0.041931   -0.042305   -0.043517   -0.045237   -0.046929   -0.048609   -0.050289   -0.051970   -0.053647   -0.055110   -0.055179   -0.056967   -0.058691   -0.060372   -0.062052   -1.161076   -0.256216   -0.085418   -0.129012   -0.128756   -0.128492   -0.127186   -0.125880   -0.123327   -0.120815   -0.118325   -0.115836   -0.113347   -0.110971   -0.108290   -0.104194   -0.099417   -0.096582   -0.095750   -0.094405   -0.093486
   -0.041931   -0.042305   -0.043517   -0.045237   -0.046929   -0.048609   -0.050289   -0.051970   -0.053647   -0.055110   -0.055179   -0.056967   -0.058691   -0.060372   -0.062052   -1.161076   -0.256216   -0.085418   -0.129012   -0.128756   -0.128492   -0.127186   -0.125880   -0.123327   -0.120815   -0.118247   -0.115805   -0.114297   -0.112341   -0.107715   -0.103062   -0.100124   -0.096780   -0.094182   -0.094644   -0.094678
   -0.041931   -0.042305   -0.043517   -0.045237   -0.046929   -0.048609   -0.050289   -0.051970   -0.053647   -0.055110   -0.055179   -0.056967   -0.058691   -0.060372   -0.062052   -1.161076   -0.256216   -0.085418   -0.129012   -0.128756   -0.128492   -0.127186   -0.125880   -0.123327   -0.120815   -0.118247   -0.115805   -0.114297   -0.112341   -0.107715   -0.103062   -0.100124   -0.096780   -0.094182   -0.094644   -0.094678
   -0.041931   -0.042305   -0.043517   -0.045237   -0.046929   -0.048609   -0.050289   -0.051970   -0.053647   -0.055110   -0.055179   -0.056967   -0.058691   -0.060372   -0.062052   -1.161076   -0.256216   -0.085418   -0.129012   -0.128756   -0.128492   -0.127186   -0.125880   -0.123327   -0.120815   -0.118247   -0.115805   -0.114297   -0.112341   -0.107715   -0.103062   -0.100124   -0.096780   -0.094182   -0.094644   -0.094678
   -0.041931   -0.042305   -0.043517   -0.045237   -0.046929   -0.048609   -0.050289   -0.051970   -0.053647   -0.055110   -0.055179   -0.056967   -0.058691   -0.060372   -0.062052   -1.161076   -0.256216   -0.085418   -0.129012   -0.128756   -0.128492   -0.127186   -0.125880   -0.123327   -0.120815   -0.118247   -0.115805   -0.114297   -0.112341   -0.107715   -0.103062   -0.100124   -0.096780   -0.094182   -0.094644   -0.094678
#
# JB travel-time table for PKPdf
#
