#
# JB travel-time table for Pg
#
# number of distance and depth samples
24 8
# delta samples
0.000 0.025 0.050 0.100 0.250 0.500 0.750 1.000 1.500 2.000 2.500 3.000 3.500 4.000 4.500 5.000 5.500 6.000 6.500 7.000 7.500 8.000 8.500 9.000 
# depth samples
    0.000000    1.000000    2.500000    5.000000    7.500000   10.000000   12.500000   15.000000
#
# travel times (rows - delta, columns - depth)
#
    0.000000    0.179533    0.448833    0.897666    1.346499    1.795332    2.244165    2.692998
    0.499080    0.530389    0.671216    1.027076    1.436015    1.863410    2.298991    2.738854
    0.998159    1.014176    1.094428    1.342433    1.676121    2.054152    2.456135    2.872031
    1.996318    2.004375    2.046152    2.188856    2.407976    2.684866    3.003592    3.352242
    4.990796    4.994024    5.010937    5.070882    5.169246    5.303891    5.472140    5.671003
    9.981591    9.983206    9.991677   10.021874   10.072002   10.141764   10.230760   10.338491
   14.972387   14.973463   14.979113   14.999272   15.032812   15.079641   15.139638   15.212646
   19.963183   19.963990   19.968227   19.983355   20.008541   20.043749   20.088926   20.144004
   29.944774   29.945312   29.948137   29.958226   29.975032   29.998545   30.028749   30.065623
   39.926365   39.926769   39.928888   39.936455   39.949064   39.966709   39.989385   40.017082
   49.907956   49.908279   49.909974   49.916029   49.926117   49.940237   49.958386   49.980560
   59.889548   59.889817   59.891229   59.896275   59.904682   59.916451   59.931579   59.950064
   69.871139   69.871369   69.872580   69.876905   69.884112   69.894200   69.907169   69.923017
   79.852730   79.852932   79.853991   79.857775   79.864082   79.872910   79.884259   79.898127
   89.834321   89.834501   89.835443   89.838806   89.844412   89.852259   89.862348   89.874677
   99.815913   99.816074   99.816922   99.819949   99.824994   99.832057   99.841137   99.852234
  109.797504  109.797651  109.798421  109.801173  109.805760  109.812181  109.820436  109.830524
  119.779095  119.779230  119.779936  119.782459  119.786663  119.792549  119.800116  119.809365
  129.760686  129.760811  129.761463  129.763791  129.767672  129.773106  129.780091  129.788628
  139.742278  139.742393  139.742998  139.745161  139.748765  139.753810  139.760296  139.768224
  149.723869  149.723977  149.724542  149.726560  149.729923  149.734632  149.740687  149.748086
  159.705460  159.705561  159.706091  159.707983  159.711136  159.715551  159.721227  159.728164
  169.687051  169.687146  169.687645  169.689426  169.692394  169.696549  169.701891  169.708420
  179.668643  179.668732  179.669203  179.670885  179.673688  179.677612  179.682658  179.688824
#
# dtdd (rows - delta, columns - depth)
#
   19.963211   12.664188    6.887187    3.415558    2.213864    1.640342    1.305081    1.084079
   19.963177   16.774344   12.911587    8.698083    6.314192    4.888675    3.968959    3.334562
   19.963159   20.395597   18.937866   15.164148   12.084007    9.863357    8.255485    7.061634
   19.963190   19.598549   19.223949   18.090006   16.404315   14.663428   13.091154   11.736211
   19.963184   19.933752   19.826174   19.627631   19.343366   18.900053   18.316882   17.643463
   19.963180   19.954919   19.915156   19.806281   19.680453   19.546440   19.395949   19.220081
   19.963185   19.960987   19.949588   19.910473   19.849730   19.771469   19.678754   19.573444
   19.963183   19.962264   19.957434   19.940277   19.911915   19.872703   19.823058   19.763458
   19.963182   19.962810   19.960857   19.953880   19.942283   19.926091   19.905359   19.880144
   19.963182   19.962972   19.961870   19.957936   19.951384   19.942227   19.930480   19.916163
   19.963183   19.963050   19.962350   19.959857   19.955700   19.949889   19.942425   19.933317
   19.963183   19.963091   19.962613   19.960904   19.958059   19.954077   19.948961   19.942713
   19.963182   19.963115   19.962766   19.961517   19.959438   19.956527   19.952786   19.948215
   19.963182   19.963133   19.962866   19.961911   19.960322   19.958099   19.955241   19.951749
   19.963183   19.963142   19.962933   19.962180   19.960925   19.959171   19.956915   19.954161
   19.963183   19.963150   19.962978   19.962370   19.961356   19.959937   19.958111   19.955880
   19.963182   19.963156   19.963014   19.962512   19.961674   19.960501   19.958994   19.957152
   19.963182   19.963160   19.963043   19.962620   19.961915   19.960931   19.959664   19.958118
   19.963183   19.963163   19.963062   19.962703   19.962105   19.961265   19.960186   19.958867
   19.963183   19.963166   19.963079   19.962770   19.962252   19.961528   19.960600   19.959464
   19.963182   19.963168   19.963094   19.962822   19.962371   19.961743   19.960934   19.959944
   19.963182   19.963169   19.963103   19.962866   19.962472   19.961919   19.961205   19.960336
   19.963183   19.963171   19.963113   19.962905   19.962559   19.962074   19.961451   19.960689
   19.963185   19.963172   19.963118   19.962924   19.962602   19.962152   19.961575   19.960867
#
# dtdh (rows - delta, columns - depth)
#
    0.179533    0.179533    0.179533    0.179533    0.179533    0.179533    0.179533    0.179533
    0.019973    0.053980    0.122684    0.160274    0.169852    0.173470    0.175468    0.176184
    0.009889    0.028273    0.076384    0.122632    0.146322    0.158048    0.164668    0.167204
    0.005024    0.014124    0.041656    0.076024    0.102507    0.121646    0.135307    0.141536
    0.002027    0.005629    0.017164    0.033164    0.048167    0.062066    0.074806    0.081915
    0.001016    0.002813    0.008621    0.016817    0.024779    0.032542    0.040121    0.044578
    0.000677    0.001875    0.005753    0.011241    0.016610    0.021898    0.027130    0.030240
    0.000508    0.001406    0.004315    0.008439    0.012482    0.016479    0.020451    0.022821
    0.000338    0.000937    0.002878    0.005630    0.008333    0.011012    0.013684    0.015283
    0.000254    0.000703    0.002158    0.004223    0.006253    0.008266    0.010276    0.011480
    0.000203    0.000562    0.001727    0.003379    0.005003    0.006615    0.008226    0.009191
    0.000169    0.000468    0.001439    0.002816    0.004170    0.005514    0.006857    0.007663
    0.000144    0.000401    0.001234    0.002414    0.003574    0.004727    0.005879    0.006569
    0.000127    0.000351    0.001079    0.002112    0.003128    0.004136    0.005144    0.005749
    0.000114    0.000313    0.000959    0.001877    0.002780    0.003677    0.004573    0.005111
    0.000101    0.000281    0.000864    0.001690    0.002502    0.003309    0.004116    0.004600
    0.000093    0.000256    0.000785    0.001536    0.002275    0.003009    0.003742    0.004182
    0.000085    0.000234    0.000719    0.001408    0.002085    0.002758    0.003430    0.003834
    0.000079    0.000217    0.000664    0.001300    0.001925    0.002546    0.003166    0.003539
    0.000072    0.000201    0.000617    0.001207    0.001787    0.002364    0.002940    0.003287
    0.000068    0.000188    0.000575    0.001126    0.001668    0.002207    0.002745    0.003067
    0.000064    0.000176    0.000540    0.001056    0.001564    0.002069    0.002573    0.002876
    0.000060    0.000166    0.000508    0.000994    0.001472    0.001947    0.002422    0.002707
    0.000056    0.000156    0.000480    0.000939    0.001390    0.001839    0.002287    0.002556
#
# JB travel-time table for Pg
#
