#
# JB travel-time table for Sb
#
# number of distance and depth samples
24 16
# delta samples
0.000 0.025 0.050 0.100 0.250 0.500 0.750 1.000 1.500 2.000 2.500 3.000 3.500 4.000 4.500 5.000 5.500 6.000 6.500 7.000 7.500 8.000 8.500 9.000 
# depth samples
    0.000000    1.000000    2.500000    5.000000    7.500000   10.000000   12.500000   15.000000   17.500000   19.900000   20.000000   22.500000   25.000000   27.500000   30.000000   32.500000
#
# travel times (rows - delta, columns - depth)
#
    4.395757    4.249231    4.029444    3.663130    3.296817    2.930504    2.564191    2.197878    0.652742    1.279373    1.305483    1.958225    2.610966    3.263708    3.916449    4.569191
    5.121572    4.975047    4.755259    4.388946    4.022633    3.656320    3.290007    2.923694    5.204103    5.829228    5.853343    6.500448    7.146007    7.795529    8.446839    9.091727
    5.847387    5.700862    5.481074    5.114761    4.748448    4.382135    4.015822    3.649509    5.399666    5.987170    6.017875    6.641873    7.275424    7.915936    8.546668    9.192288
    7.299018    7.152493    6.932705    6.566392    6.200079    5.833766    5.467453    5.101140    6.075497    6.598661    6.640159    7.194093    7.757496    8.352188    8.959591    9.572340
   11.653911   11.507386   11.287598   10.921285   10.554972   10.188659    9.822346    9.456033    9.603555    9.856958    9.874279   10.191062   10.568599   10.976221   11.415104   11.894731
   18.912066   18.765540   18.545752   18.179439   17.813126   17.446813   17.080500   16.714187   16.730696   16.776364   16.827583   16.926071   17.113335   17.319702   17.519614   17.809834
   26.170220   26.023695   25.803907   25.437594   25.071281   24.704968   24.338655   23.972342   23.961773   24.002350   24.000070   24.064477   24.165355   24.269046   24.428036   24.604500
   33.428374   33.281849   33.062061   32.695748   32.329435   31.963122   31.596809   31.230496   31.169610   31.208406   31.207569   31.241618   31.330997   31.393001   31.516295   31.617632
   47.944683   47.798158   47.578370   47.212057   46.845744   46.479431   46.113118   45.746805   45.653159   45.644251   45.643932   45.679844   45.718806   45.761232   45.807602   45.900957
   62.460992   62.314467   62.094679   61.728366   61.362053   60.995740   60.629427   60.263114   60.133049   60.123074   60.122732   60.172667   60.169858   60.170978   60.232687   60.298610
   76.977301   76.830776   76.610988   76.244675   75.878362   75.512049   75.145736   74.779423   74.640624   74.627930   74.627475   74.618005   74.612257   74.645601   74.682760   74.688502
   91.493610   91.347085   91.127297   90.760984   90.394671   90.028358   89.662045   89.295732   89.091514   89.075762   89.075175   89.062267   89.095202   89.089221   89.129116   89.130182
  106.009919  105.863394  105.643606  105.277293  104.910980  104.544667  104.178354  103.812041  103.598943  103.580065  103.579341  103.562892  103.549609  103.539510  103.582039  103.578350
  120.526228  120.379703  120.159915  119.793602  119.427289  119.060976  118.694663  118.328350  118.049818  118.027848  118.026990  118.007052  118.018275  118.032395  118.021182  118.012906
  135.042537  134.896012  134.676224  134.309911  133.943598  133.577285  133.210972  132.844659  132.550197  132.525161  132.524171  132.500803  132.480100  132.462072  132.446728  132.465842
  149.558846  149.412321  149.192533  148.826220  148.459907  148.093594  147.727281  147.360968  147.001100  147.008391  147.007271  146.980546  146.956282  146.934485  146.915162  146.898320
  164.075155  163.928630  163.708842  163.342529  162.976216  162.609903  162.243590  161.877277  161.483830  161.452793  161.451545  161.460404  161.432668  161.407218  161.384060  161.363200
  178.591464  178.444939  178.225151  177.858838  177.492525  177.126212  176.759899  176.393586  175.966571  175.932579  175.931205  175.897959  175.866837  175.880226  175.853357  175.828626
  193.107773  192.961248  192.741460  192.375147  192.008834  191.642521  191.276208  190.909895  190.463461  190.426537  190.425038  190.388598  190.354144  190.321681  190.291213  190.308633
  207.624082  207.477557  207.257769  206.891456  206.525143  206.158830  205.792517  205.426204  204.903800  204.913457  204.911834  204.872241  204.834512  204.798652  204.764662  204.732548
  222.140391  221.993866  221.774078  221.407765  221.041452  220.675139  220.308826  219.942513  219.414844  219.372128  219.370383  219.327676  219.286725  219.247534  219.210105  219.227394
  236.656700  236.510175  236.290387  235.924074  235.557761  235.191448  234.825135  234.458822  233.883474  233.837889  233.836023  233.790229  233.746094  233.731877  233.719311  233.680157
  251.173009  251.026484  250.806696  250.440383  250.074070  249.707757  249.341444  248.975131  248.348575  248.300135  248.298148  248.279327  248.262065  248.216342  248.172196  248.129629
  265.689318  265.542793  265.323005  264.956692  264.590379  264.224066  263.857753  263.491440  262.863169  262.811877  262.809769  262.757862  262.707447  262.658528  262.611107  262.565185
#
# dtdd (rows - delta, columns - depth)
#
   29.032601   29.032651   29.032601   29.032651   29.032651   29.032651   29.032651   29.032651  227.803260  228.134838  227.965748  227.903096  227.623739  227.532657  227.696103  227.262406
   29.032598   29.032617   29.032598   29.032617   29.032617   29.032617   29.032617   29.032617   90.556800   89.712925   89.811704   89.260569   88.957442   88.753207   88.254594   88.179508
   29.032606   29.032600   29.032606   29.032600   29.032600   29.032600   29.032600   29.032600  -20.399579  -22.050896  -21.725524  -22.907610  -23.718548  -24.278124  -25.088198  -25.208799
   29.032625   29.032628   29.032626   29.032628   29.032628   29.032628   29.032628   29.032628   28.768857   27.475069   27.554458   25.999722   24.380802   23.235133   22.754342   21.831540
   29.032619   29.032617   29.032617   29.032617   29.032617   29.032617   29.032617   29.032617   27.300938   25.627056   25.511365   24.111268   23.124045   21.962363   20.632425   19.763920
   29.032618   29.032618   29.032618   29.032618   29.032618   29.032618   29.032618   29.032618   28.935622   28.697891   28.711820   28.329535   27.806254   27.261242   26.760236   26.168505
   29.032615   29.032619   29.032619   29.032619   29.032619   29.032619   29.032619   29.032619   28.708672   28.772811   28.604122   28.536873   28.378294   28.111420   28.062031   27.695553
   29.032617   29.032616   29.032616   29.032616   29.032616   29.032616   29.032616   29.032616   28.841801   28.763934   28.823008   28.710818   28.680122   28.585159   28.391839   28.202861
   29.032618   29.032619   29.032619   29.032619   29.032619   29.032619   29.032619   29.032619   28.985267   28.919169   28.909024   28.964116   28.839041   28.772844   28.715377   28.732472
   29.032618   29.032618   29.032618   29.032618   29.032618   29.032618   29.032618   29.032618   28.994147   29.007298   29.007235   28.946045   28.895626   28.892032   28.902138   28.782596
   29.032618   29.032618   29.032618   29.032618   29.032618   29.032618   29.032618   29.032618   28.952332   28.943007   28.942776   28.859201   28.925695   28.931334   28.892547   28.819972
   29.032618   29.032618   29.032618   29.032618   29.032618   29.032618   29.032618   29.032618   28.955077   28.948904   28.948635   28.961559   28.945384   28.870626   28.900006   28.907600
   29.032618   29.032618   29.032618   29.032618   29.032618   29.032618   29.032618   29.032618   28.965204   28.958984   28.958712   28.947891   28.914344   28.962560   28.897523   28.876485
   29.032618   29.032618   29.032618   29.032618   29.032618   29.032618   29.032618   29.032618   28.944386   28.929436   28.929171   28.922254   28.932684   28.923198   28.849951   28.888412
   29.032618   29.032618   29.032618   29.032618   29.032618   29.032618   29.032618   29.032618   28.960653   29.007328   29.007066   28.990602   28.935099   28.882016   28.890939   28.883287
   29.032618   29.032618   29.032618   29.032618   29.032618   29.032618   29.032618   29.032618   28.916905   28.911923   28.911665   28.963050   28.967376   28.960761   28.949633   28.890354
   29.032618   29.032618   29.032618   29.032618   29.032618   29.032618   29.032618   29.032618   28.973793   28.911032   28.910778   28.905377   28.896629   28.950813   28.943267   28.936728
   29.032618   29.032618   29.032618   29.032618   29.032618   29.032618   29.032618   29.032618   28.991504   28.987509   28.987258   28.918338   28.911623   28.905830   28.898524   28.957295
   29.032618   29.032618   29.032618   29.032618   29.032618   29.032618   29.032618   29.032618   28.923698   28.989367   28.989118   28.998391   28.991779   28.916772   28.909652   28.890413
   29.032618   29.032618   29.032618   29.032618   29.032618   29.032618   29.032618   29.032618   28.945497   28.941127   28.940881   28.932012   28.925517   28.928794   28.914804   28.912886
   29.032618   29.032618   29.032618   29.032618   29.032618   29.032618   29.032618   29.032618   29.003488   28.918175   28.917932   28.904260   28.890386   28.923120   28.958469   28.971392
   29.032618   29.032618   29.032618   29.032618   29.032618   29.032618   29.032618   29.032618   28.905333   28.919501   28.919259   28.957949   28.996435   28.990710   28.984798   28.889686
   29.032618   29.032618   29.032618   29.032618   29.032618   29.032618   29.032618   29.032618   28.979730   28.968343   28.968101   28.974927   28.981582   28.926468   28.871213   28.889661
   29.032618   29.032618   29.032618   29.032618   29.032618   29.032618   29.032618   29.032618   29.053917   29.051054   29.050812   28.948142   28.845355   28.863324   28.881127   28.861837
#
# dtdh (rows - delta, columns - depth)
#
   -0.146526   -0.146525   -0.146525   -0.146526   -0.146525   -0.146525   -0.146525   -0.366572   -0.260512    0.270859    0.261100    0.261096    0.261097    0.261097    0.261097    0.261097
   -0.146525   -0.146525   -0.146525   -0.146525   -0.146525   -0.146525   -0.146525    0.347530    0.739876    0.234791    0.241452    0.263409    0.258881    0.260354    0.259421    0.257223
   -0.146525   -0.146525   -0.146525   -0.146525   -0.146525   -0.146525   -0.146525    0.248549    0.593698    0.299174    0.306059    0.235552    0.255229    0.254750    0.254550    0.260097
   -0.146525   -0.146525   -0.146525   -0.146525   -0.146525   -0.146525   -0.146525    0.103733    0.377981    0.404144    0.411403    0.170365    0.231707    0.241918    0.244637    0.245331
   -0.146525   -0.146525   -0.146525   -0.146525   -0.146525   -0.146525   -0.146525   -0.050609    0.108100    0.170662    0.172740    0.124500    0.159871    0.170489    0.184826    0.195363
   -0.146526   -0.146526   -0.146525   -0.146525   -0.146525   -0.146525   -0.146525   -0.075065    0.032556    0.489974    0.503668   -0.074454    0.083206    0.082361    0.096478    0.125893
   -0.146525   -0.146525   -0.146525   -0.146525   -0.146525   -0.146525   -0.146525   -0.080120    0.024461   -0.020766   -0.021714    0.045329    0.042821    0.051949    0.069807    0.070975
   -0.146525   -0.146525   -0.146525   -0.146525   -0.146525   -0.146525   -0.146525   -0.089512    0.010946   -0.006808   -0.008004    0.029182    0.033593    0.034782    0.048488    0.036558
   -0.146525   -0.146525   -0.146525   -0.146525   -0.146525   -0.146525   -0.146525   -0.095627   -0.007102   -0.002839   -0.002511    0.019688    0.016394    0.017891    0.027529    0.042249
   -0.146525   -0.146525   -0.146525   -0.146525   -0.146525   -0.146525   -0.146525   -0.102426   -0.016840   -0.002922   -0.002515    0.017258   -0.003203    0.011967    0.028702    0.025203
   -0.146525   -0.146525   -0.146525   -0.146525   -0.146525   -0.146525   -0.146525   -0.104056   -0.019665   -0.004026   -0.004507   -0.002937    0.005196    0.016135    0.009203   -0.001156
   -0.146525   -0.146525   -0.146525   -0.146525   -0.146525   -0.146525   -0.146525   -0.116267   -0.037385   -0.005067   -0.005830    0.002946    0.008355    0.004096    0.011157   -0.004939
   -0.146525   -0.146525   -0.146525   -0.146525   -0.146525   -0.146525   -0.146525   -0.117925   -0.040329   -0.006409   -0.007203   -0.005852   -0.004550    0.005954    0.011191   -0.007809
   -0.146525   -0.146525   -0.146525   -0.146525   -0.146525   -0.146525   -0.146525   -0.130139   -0.058060   -0.007471   -0.008546   -0.002429    0.006692    0.001074   -0.005288   -0.002322
   -0.146525   -0.146525   -0.146525   -0.146525   -0.146525   -0.146525   -0.146525   -0.133113   -0.062836   -0.008732   -0.009869   -0.008736   -0.007640   -0.006568    0.000438    0.011250
   -0.146525   -0.146525   -0.146525   -0.146525   -0.146525   -0.146525   -0.146525   -0.145322   -0.073522   -0.008923   -0.011454   -0.010126   -0.009114   -0.008125   -0.007134   -0.006538
   -0.146525   -0.146525   -0.146525   -0.146525   -0.146525   -0.146525   -0.146525   -0.151590   -0.089920   -0.010897   -0.011861    0.001602   -0.012619   -0.009630   -0.008712   -0.008160
   -0.146525   -0.146525   -0.146525   -0.146525   -0.146525   -0.146525   -0.146525   -0.157856   -0.099288   -0.012020   -0.013715   -0.012811   -0.004027    0.000215   -0.012496   -0.008591
   -0.146525   -0.146525   -0.146525   -0.146525   -0.146525   -0.146525   -0.146525   -0.161481   -0.104950   -0.013196   -0.014967   -0.014120   -0.013304   -0.012507   -0.003142    0.012023
   -0.146525   -0.146525   -0.146525   -0.146525   -0.146525   -0.146525   -0.146525   -0.175662   -0.115568   -0.012948   -0.016605   -0.015408   -0.014643   -0.013895   -0.013146   -0.012695
   -0.146525   -0.146525   -0.146525   -0.146525   -0.146525   -0.146525   -0.146525   -0.176645   -0.127351   -0.015320   -0.017429   -0.016679   -0.015958   -0.015254   -0.004664    0.012705
   -0.146525   -0.146525   -0.146525   -0.146525   -0.146525   -0.146525   -0.146525   -0.185545   -0.140393   -0.016331   -0.018641   -0.017938   -0.011981   -0.003783   -0.009901   -0.018542
   -0.146525   -0.146525   -0.146525   -0.146525   -0.146525   -0.146525   -0.146525   -0.195104   -0.154355   -0.017326   -0.019394   -0.003887   -0.012134   -0.019513   -0.017280   -0.016900
   -0.146525   -0.146525   -0.146525   -0.146525   -0.146525   -0.146525   -0.146525   -0.195424   -0.155370   -0.018541   -0.021062   -0.020418   -0.019807   -0.019208   -0.018609   -0.018249
#
# JB travel-time table for Sb
#
