#
# JB travel-time table for Sg
#
# number of distance and depth samples
24 8
# delta samples
0.000 0.025 0.050 0.100 0.250 0.500 0.750 1.000 1.500 2.000 2.500 3.000 3.500 4.000 4.500 5.000 5.500 6.000 6.500 7.000 7.500 8.000 8.500 9.000 
# depth samples
    0.000000    1.000000    2.500000    5.000000    7.500000   10.000000   12.500000   15.000000
#
# travel times (rows - delta, columns - depth)
#
    0.000000    0.299401    0.748503    1.497006    2.245509    2.994012    3.742515    4.491018
    0.832297    0.884511    1.119364    1.712818    2.394792    3.107543    3.833945    4.567490
    1.664595    1.691306    1.825139    2.238728    2.795208    3.425636    4.096010    4.789584
    3.329189    3.342625    3.412295    3.650278    4.015696    4.477456    5.008984    5.590415
    8.322974    8.328357    8.356563    8.456531    8.620568    8.845111    9.125695    9.457332
   16.645947   16.648639   16.662767   16.713126   16.796722   16.913062   17.061476   17.241137
   24.968921   24.970716   24.980137   25.013757   25.069689   25.147785   25.247840   25.369593
   33.291894   33.293240   33.300307   33.325534   33.367537   33.426252   33.501592   33.593444
   49.937841   49.938739   49.943451   49.960274   49.988302   50.027513   50.077883   50.139378
   66.583788   66.584462   66.587995   66.600615   66.621642   66.651069   66.688884   66.735074
   83.229736   83.230274   83.233101   83.243197   83.260022   83.283570   83.313836   83.350814
   99.875683   99.876131   99.878487   99.886901   99.900922   99.920549   99.945777   99.976603
  116.521630  116.522014  116.524034  116.531246  116.543265  116.560089  116.581716  116.608145
  133.167577  133.167913  133.169680  133.175991  133.186508  133.201230  133.220156  133.243284
  149.813524  149.813823  149.815394  149.821003  149.830352  149.843438  149.860263  149.880823
  166.459471  166.459740  166.461154  166.466202  166.474616  166.486395  166.501537  166.520043
  183.105418  183.105663  183.106948  183.111538  183.119186  183.129894  183.143661  183.160485
  199.751365  199.751590  199.752768  199.756975  199.763986  199.773802  199.786422  199.801845
  216.397312  216.397519  216.398607  216.402490  216.408963  216.418023  216.429673  216.443910
  233.043259  233.043452  233.044461  233.048068  233.054078  233.062491  233.073309  233.086529
  249.689207  249.689386  249.690328  249.693694  249.699304  249.707156  249.717253  249.729592
  266.335154  266.335322  266.336205  266.339361  266.344620  266.351982  266.361447  266.373015
  282.981101  282.981259  282.982091  282.985060  282.990010  282.996939  283.005848  283.016736
  299.627048  299.627197  299.627983  299.630788  299.635462  299.642006  299.650420  299.660703
#
# dtdd (rows - delta, columns - depth)
#
   33.291868   21.119604   11.485563    5.695978    3.692002    2.735536    2.176348    1.807866
   33.291905   27.973992   21.532195   14.505483   10.529956    8.152647    6.618904    5.560908
   33.291913   34.013029   31.581978   25.288728   20.152054   16.448754   13.767435   11.776421
   33.291872   32.683782   32.059102   30.168065   27.356885   24.453700   21.831619   19.572075
   33.291905   33.242820   33.063416   32.732307   32.258252   31.518944   30.546428   29.423385
   33.291892   33.278116   33.211797   33.030239   32.820397   32.596912   32.345937   32.052648
   33.291895   33.288233   33.269224   33.203988   33.102693   32.972179   32.817567   32.641940
   33.291892   33.290356   33.282312   33.253688   33.206399   33.141002   33.058209   32.958820
   33.291894   33.291275   33.288014   33.276384   33.257038   33.230039   33.195464   33.153415
   33.291895   33.291543   33.289705   33.283144   33.272219   33.256950   33.237360   33.213481
   33.291895   33.291671   33.290507   33.286346   33.279417   33.269725   33.257278   33.242087
   33.291894   33.291742   33.290945   33.288097   33.283350   33.276709   33.268177   33.257758
   33.291894   33.291783   33.291200   33.289118   33.285650   33.280794   33.274555   33.266935
   33.291894   33.291810   33.291364   33.289773   33.287124   33.283415   33.278651   33.272827
   33.291894   33.291827   33.291477   33.290221   33.288131   33.285205   33.281443   33.276849
   33.291894   33.291840   33.291555   33.290541   33.288848   33.286481   33.283436   33.279717
   33.291894   33.291851   33.291615   33.290777   33.289379   33.287422   33.284910   33.281837
   33.291894   33.291856   33.291660   33.290954   33.289783   33.288139   33.286028   33.283448
   33.291894   33.291862   33.291693   33.291095   33.290096   33.288695   33.286897   33.284698
   33.291895   33.291867   33.291721   33.291205   33.290343   33.289137   33.287587   33.285692
   33.291895   33.291870   33.291744   33.291293   33.290544   33.289494   33.288142   33.286492
   33.291894   33.291873   33.291763   33.291366   33.290707   33.289785   33.288598   33.287148
   33.291894   33.291875   33.291780   33.291432   33.290854   33.290045   33.289007   33.287737
   33.291894   33.291876   33.291786   33.291468   33.290929   33.290178   33.289213   33.288033
#
# dtdh (rows - delta, columns - depth)
#
    0.299401    0.299401    0.299401    0.299401    0.299401    0.299401    0.299401    0.299401
    0.033310    0.090022    0.204596    0.267282    0.283256    0.289290    0.292622    0.293816
    0.016492    0.047149    0.127382    0.204509    0.244016    0.263572    0.274611    0.278839
    0.008377    0.023553    0.069469    0.126782    0.170948    0.202866    0.225647    0.236035
    0.003381    0.009388    0.028625    0.055305    0.080326    0.103505    0.124752    0.136606
    0.001693    0.004691    0.014377    0.028045    0.041323    0.054269    0.066909    0.074342
    0.001129    0.003127    0.009593    0.018747    0.027700    0.036519    0.045243    0.050430
    0.000847    0.002345    0.007197    0.014073    0.020815    0.027481    0.034105    0.038059
    0.000565    0.001564    0.004799    0.009388    0.013896    0.018364    0.022820    0.025487
    0.000425    0.001173    0.003599    0.007043    0.010427    0.013785    0.017137    0.019146
    0.000338    0.000938    0.002880    0.005635    0.008344    0.011032    0.013718    0.015328
    0.000281    0.000781    0.002400    0.004696    0.006954    0.009195    0.011435    0.012778
    0.000241    0.000670    0.002057    0.004025    0.005961    0.007882    0.009803    0.010956
    0.000211    0.000586    0.001800    0.003523    0.005216    0.006898    0.008579    0.009587
    0.000188    0.000521    0.001600    0.003131    0.004637    0.006132    0.007627    0.008523
    0.000169    0.000469    0.001440    0.002818    0.004173    0.005519    0.006864    0.007672
    0.000154    0.000426    0.001309    0.002562    0.003793    0.005017    0.006241    0.006974
    0.000142    0.000391    0.001200    0.002348    0.003478    0.004599    0.005721    0.006393
    0.000130    0.000361    0.001108    0.002168    0.003210    0.004245    0.005281    0.005902
    0.000122    0.000335    0.001028    0.002013    0.002981    0.003942    0.004904    0.005480
    0.000112    0.000312    0.000960    0.001879    0.002782    0.003679    0.004577    0.005115
    0.000106    0.000293    0.000900    0.001762    0.002608    0.003450    0.004291    0.004795
    0.000099    0.000276    0.000847    0.001658    0.002455    0.003247    0.004039    0.004513
    0.000093    0.000260    0.000800    0.001565    0.002318    0.003066    0.003814    0.004263
#
# JB travel-time table for Sg
#
